7.685729970632018127e-01 -2.039401543614820511e-01
5.298035369760807356e-01 -5.593083868260571023e-01
-9.003299452470558961e-01 -9.921348960466509492e-01
-2.483681642850144033e-01 3.375445663296683385e-02
9.702326912220031740e-01 -2.142680996786405778e-02
3.651796402863942692e-01 -4.776155609784595857e-01
1.363983171015477058e-01 -5.185618541887477839e-01
-5.811630327732841828e-01 -4.659661339895202481e-01
2.195043707453556703e-01 2.151781031013699774e-02
-6.559452642385756871e-01 9.241466921907348642e-02
-3.140840216666738183e-01 -5.336585028786291485e-01
-3.770259805501201544e-01 -1.639742078270276515e-01
-1.566368302915572830e-01 -3.017100971965325229e-01
8.693549121828902937e-01 9.317323666852304065e-01
7.049272801048251935e-01 -3.915195004494034237e-01
-2.816943548472388148e-01 1.628432267746537931e-02
1.409787223518101928e-01 3.976790845971751587e-01
7.055979310642261915e-01 9.061511463413440826e-01
-4.741346752038322343e-02 -4.218279773107316277e-01
-5.309756673578980291e-01 -7.147032793749588109e-01
-9.615552690649873391e-01 -6.816203925015515974e-01
7.315388582577841969e-01 5.846432157934640106e-01
-2.773083476071886988e-01 -7.909587741221140167e-01
9.900608572929188167e-01 6.056574894837150058e-01
3.071703459264365499e-01 4.116550253659811975e-01
-9.331886375825675373e-01 7.265373713987579585e-01
2.109110012544328505e-01 -1.622268236472990122e-01
2.418174099503989094e-01 -3.340585330610159609e-01
8.855970732644349308e-01 -5.730702395129476656e-01
2.161938191379009222e-01 1.539247117719266811e-01
4.469156261247533291e-01 -7.390717866583393914e-01
-2.135931032073092872e-01 -5.518807914702519302e-01
-4.175229284102308647e-01 -9.696311473037950712e-01
-8.044389561559615043e-01 -4.937801926400318120e-01
1.878318866176833524e-01 -2.481929125838262529e-01
4.277734643713098084e-01 -9.372706286768861528e-01
-6.308208382921713930e-01 8.977636487611937444e-01
4.584725381478516049e-02 -3.783146976894824487e-01
9.277876891819758498e-02 7.245003433178005547e-01
4.492649263043970720e-01 -6.128429472687819679e-01
1.099342291758884649e-01 -9.592396172972643686e-01
7.087560518201887483e-01 8.647712414254040691e-01
4.905996266809400375e-01 -9.513658067729444667e-01
-2.112665160506872475e-01 -2.940457242996421527e-01
3.867808899873548256e-01 4.653163299660605379e-01
-8.931106435756821504e-01 3.509585136780513093e-01
-5.598796469764137917e-01 -3.865658916992971150e-01
5.823342410782550438e-01 -6.674307842574287442e-01
-9.843241378168127653e+01 -9.870803281403408569e-01
-9.839538603239113002e+01 1.416840362732449954e-01
6.994777031920063060e-01 9.209186617386984075e-01
-8.693309256402601548e-01 2.437433030370188547e-01
1.749318158504014065e-01 -2.002799092950311444e-01
-5.856429169688417424e-01 -4.714844959414039582e-01
-9.953902686639817432e+01 -1.967617431298573933e+02
-9.970872955572171747e+01 -2.135010973073445673e-01
-1.237314051582199710e+02 -1.975080891141121526e+02
-3.935139858490495044e+02 -3.415593869386478900e+02
-1.455165029084908213e+02 -1.290276485821601682e+02
8.072155309501667375e-01 -6.759322363857795946e-01
3.642196212565340652e-02 -9.939243428253547563e+01
-1.000778423529993120e+02 -1.002398038193805831e+02
-2.845051815738020018e-02 -9.864294037312414787e+01
-3.882775517690897686e+02 -2.973507408067900997e+02
-1.774114926560946515e+02 -1.485264667032073191e+02
-1.490731660922058097e+02 -1.990122623759175156e+02
-8.262908915385360764e-01 -6.652643966192435254e-01
2.941541274761507729e-01 4.530516957592454208e-01
8.546430141823682103e-01 -1.650233013800310733e-01
5.086229079020627708e-01 -4.103441257470124004e-01
-2.727125565888085816e+02 -2.965691446078293438e+02
-2.723351138673232299e+02 -2.963834628821836077e+02
8.096672435387519684e-02 3.854216514083550482e-01
4.226350907996943018e-01 6.771962922501746363e-01
-7.801273974668465616e-01 7.471297744497829019e-01
8.881446203384335547e-02 3.767770506287948518e-01
-3.929920823754913251e-01 7.369702976348078138e-01
-7.381767152589175929e-01 -1.847235844526253778e-01
7.632787395775353367e-02 5.037264821438161011e-01
5.535441008373152005e-01 5.699128086097537960e-02
5.172011912753005092e-02 -2.223109775588756332e-01
2.594828880422346273e-01 1.552921994372029602e-01
-6.379693485788313634e-01 6.372966398521817677e-01
-6.832817594583160403e-01 7.068713268989339493e-01
-4.721756910938031382e+01 -1.065649560368545146e+01
-6.722068879086422477e-01 -9.763227626047885632e-01
-7.097188254771837990e+01 -4.904626864314003409e-01
-6.070030977369242908e-01 -9.764209769051497290e-01
-8.721630958455532934e-01 -2.816664966220128186e-01
-1.558172779702020616e-01 2.039154925721902156e-01
-4.595442946144850715e+00 -9.860688620647854918e+01
7.350425659119252941e-02 4.543145263012753787e+00
-4.804926140205276752e+00 1.919325880105037463e+00
-1.979149746344171774e+02 -1.613273524123766833e+02
5.044595488598908162e+01 -5.302222911913521841e+01
-9.947974389999378886e-01 -8.606612608916050533e+01
-3.119747540516542017e-01 5.411377226342113378e-01
8.832732076315528147e+00 -6.120827341588075399e-01
1.407421486511364339e-01 1.489910345284085835e+00
-2.306641073007696718e+02 -2.355872846013345452e+02
1.832840709922984601e+01 -4.797763721353188515e+01
-5.433077773172978908e+01 -1.831048504033123550e+02
-6.353194945459146314e-01 -8.828177623596364931e-01
-5.692178707977562091e-01 3.239624220725598747e-01
-9.729583688834637645e-01 2.866210062804896985e-02
-1.892882347230540052e-01 -9.679605169516625196e-01
3.737580599016325777e+01 -7.073763269602687842e+01
-4.915274168859111370e+01 -1.202445021245420378e+02
2.204285208446261635e-01 4.254478723626464731e-01
-7.966823866561743017e-01 5.983964052240824394e-01
5.082943474217893609e-03 -6.406762306543485330e-01
3.355849755780848653e-03 -7.837188640114036708e-01
-3.359902733880828496e-01 -2.369796282907883356e-01
-8.518719140218573571e-01 6.421371263991944023e-01
-3.427985970253839554e-01 3.237916972912122660e-01
8.281212123400907288e-01 7.961018786837452677e-01
7.801422224517267079e-01 9.502844064202984331e-01
4.534186578561492098e-01 2.178416316836164768e-01
1.125760255336043514e-01 -2.585726296196735330e-01
9.171458364851847733e-02 -7.615663825030267731e-01
-4.575893575736942331e-01 -4.379339712132827245e+00
-4.039547324545953444e-01 2.125681901152958186e-01
7.279456973892761695e-02 6.494408115512690927e-01
2.572482396950843686e-01 3.664558794432761779e-01
2.254140411477134620e-02 6.541750382358635374e-01
9.394397441093500500e-01 -7.803374448708255695e-01
2.496113389891705392e+00 -8.194681088299169414e-01
1.169199731163652611e-01 5.105236545197212372e+00
3.916570341269633992e-01 -1.005648744178591070e-01
-1.758161161668543304e-01 2.466637688175444598e+00
3.649115500840979109e+01 -3.477263009765636514e-01
-9.216606377023817132e-02 6.340248006457627206e-02
-9.595588312537071118e-01 7.507935210547214133e-01
3.994808401944109910e+00 9.667855525713697773e-03
-6.687850743877143955e-01 9.285856846515003760e-01
2.277123521494113589e+01 -1.306227361683878740e+01
2.597756496082088873e+01 -2.328733983424849896e+01
-5.114076235946205884e+01 -1.249526986470958008e+02
7.735664528304047050e-01 -3.780468074645007004e-01
1.189014089741855518e-01 3.708332127371116727e-01
3.806592846504410765e-01 -3.292284985315085954e-02
2.680719014104008480e+01 -9.645337308630534956e-01
2.490775452992933836e+01 -1.407153198730874966e-01
-5.336854385652112143e+01 -9.763584827023933599e+01
-9.854415636834166214e-01 7.951199490847480345e-01
-7.412135029191557756e-02 -7.563643108962569972e-01
9.459300535302992419e-01 -1.971010951389799981e-01
8.812243447798544516e-01 2.149219529492705227e-01
-8.122525339769537389e-01 -9.004960570841582523e-01
-2.823975519611365836e-01 -8.731827016983819689e-01
8.089844692934309300e-01 6.921036734490626507e-01
-8.624505850922548067e-01 3.056771412846477354e-01
3.298459644371889432e-01 -3.121450037754653906e-01
8.637722735439199440e-01 -7.100947468028406817e-02
-6.094167267469545735e-01 3.053940235806629211e-02
3.593332767420307494e-01 4.086039453200807081e-02
-7.662268481272718201e-01 1.730403952973669224e-01
8.417694348776323388e-01 5.035900325380748832e-01
2.730205749171750185e-01 -8.998870832994174673e-01
-6.658347575730783063e-02 5.890906649396456807e-01
-3.285918375322678386e-01 -4.105712885515500066e-01
5.979757488664072529e-01 -2.792436410036236438e-03
-9.837240821152464232e-01 6.598450376982389898e-02
4.105668319088695561e-01 2.709398872875756759e-01
3.881475625620387504e-01 -2.045184153804322502e-01
3.031262638360707751e-01 -9.622077294757023225e-01
7.268352949015568498e-01 5.799642358331322800e-01
7.587377771033143592e-01 5.650760155842848853e-02
-2.469039053878812062e-01 1.367653615935018330e-01
6.528153947740717999e-01 8.131713353645173559e-01
8.435278245152761922e-01 7.147612181615154991e-01
8.491843031961230359e-01 -1.695134547657233259e-01
6.466030364282993048e-01 -2.301900393577462900e-01
8.263172850947033687e-01 5.652489724161431361e-01
9.884538292679370119e-01 -6.841910035103877519e-01
3.581555913558134296e-01 -8.707304585830761834e-01
-2.589094765897308470e-01 2.899663469067059740e-01
-2.328144647675336465e-01 -9.805071812590955282e-01
4.807501010175885270e-01 6.804117815406574010e-04
-5.738331162017582532e-01 1.146179021027780021e-01
3.897630230690480868e-01 -8.123931517524374257e-02
-2.209617582671739022e-01 9.834715055679799089e-01
2.927009854097484265e-01 -5.749910075012727440e-01
2.663430618155202545e-01 -3.865610583230956188e-01
-3.312760156641316733e-01 -4.057841485744821952e-01
-5.820854196676212844e-01 1.102282448989477803e-01
-7.178757355817402264e-01 5.379007033885436773e-01
-5.495560842121909317e-01 -3.584774773016923266e-01
-1.893406992102895092e-01 -1.760967212755553124e-01
6.199873172088887774e-01 -9.426718518128796021e-01
9.962704162511561989e-01 -5.566072283930025844e-01
8.520675233273296012e-01 8.792654431599231657e-01
-3.399069540505026410e-01 -4.605670722921788585e-01
-6.465553635926402087e-02 6.805855653763370761e-02
-5.784281332249385787e-01 4.379279549465546761e-01
3.107052909867888957e-01 -9.484441279491344634e-01
5.776315193163097383e-01 -1.070660227264741415e-02
-2.132707539296778698e-01 -6.691097702046742146e-01
-3.041776151856856458e-03 -8.017727900065370061e-01
4.720620664376939946e-01 -9.912565994560336158e-01
-1.660083967319803122e-01 4.776130177385422559e-01
7.052670521003800985e-02 -3.404228433922789065e-01
-1.513629782825096637e-01 -7.503317135875740007e-01
8.842959485012382714e-01 7.154418804519999675e-01
3.399325978866281073e-01 1.412887843077283989e-01
3.769187530721103130e-01 -9.704048764036687924e-01
-6.249345151388419062e-01 1.876885004167727633e-01
5.379233754370977838e-01 -9.748063042494550245e-01
5.974903673617035782e-01 8.381561679428279898e-01
-5.764304784290399386e-01 -5.204359645656093658e-01
3.809892791395097511e-01 3.110995490421759602e-01
4.045975458366042332e-01 1.601267104929009477e-01
9.208448597307796746e-01 5.853854422237232402e-01
6.867026632784478668e-01 6.099727541827837385e-02
1.160775408649534768e-01 3.220960652196602769e-01
-7.141778234811855253e-01 5.834599031082476905e-01
-6.672454626972874614e-01 -7.127563358199757726e-01
7.779787801470205988e-01 2.445830487262075081e-01
-4.776402709758575948e-01 -1.457195029093112382e-01
9.693356588407096019e-01 -2.548190377121752892e-01
5.817140801628362112e-01 2.810559871643050212e-01
-9.184251602253519220e-01 -1.887374943012540829e-01
7.543336486885476866e-02 6.171146900355208853e-01
2.650615054698701734e-02 -3.746836352463873698e-01
-2.119979901458715066e-01 -8.544252826737319673e-02
1.533240178159642753e-01 2.782138282642505622e-01
-9.160516044371833644e-01 -8.219796047744616363e-01
5.743935660780887797e-01 5.277956596691519842e-01
-7.329795379249337550e-01 6.850663634756830600e-01
4.091705551373692185e-01 6.856472075998494287e-01
7.117656591423660029e-01 1.772143176098461836e-02
6.369421269088506588e-01 2.464676711844808743e-01
7.363880952430030824e-01 -6.368026923513636639e-01
-1.592751131500003137e-01 -5.717641804821240736e-01
-3.098322079090121139e-01 4.938017225821988987e-02
-2.628614276374807712e-01 9.875353368679640198e-01
6.962022965602530089e-01 -3.175185409587293339e-01
-8.063031857091036425e-01 -6.593047572409354018e-01
-3.914674106994142644e-01 -2.073156371492788086e-01
-2.805541004206024702e-02 -7.366232065903659532e-01
8.581369191779344430e-01 -6.962806157188137224e-01
9.673586342613815781e-02 6.595878168437907529e-01
4.137918987702242646e-01 -7.246052276730861053e-01
2.082536487059927222e-01 8.155457518473585576e-01
9.714263810352503636e-01 2.862852025381090737e-01
-3.100435618459458365e-01 -7.989190731691522274e-01
4.427938141105016712e-01 -5.638774282671417115e-01
-9.894865861235961901e-01 -6.996755741706757181e-01
-4.036920339139760117e-01 3.165751104527720905e-01
-7.320727920998075788e-01 -6.316016099126873229e-01
-6.181303625389222844e-01 7.568672385495613941e-01
-6.103451131510106986e-01 -6.792026833849371670e-01
-4.738684753599951005e-01 -2.309087501896234240e-01
-7.978894489135408552e-01 1.978108725332663465e-01
6.409229293259453009e-01 6.226693191679710804e-01
-4.208218899586995132e-01 6.378208570993857407e-01
-9.588307119820207447e-01 8.144310487521850828e-01
7.446217211886079212e-01 -5.542578771766704104e-01
4.852919092626128972e-02 1.360364206847125113e+00
-9.855299195867344508e+01 1.914508796928571233e-01
2.022872953913612548e-01 -3.094569189359632766e-01
4.164581121041537326e-01 9.357191214568516546e-01
5.402393576714947798e-01 3.727184652687629551e-01
8.422571487370202892e-01 -2.421615618483257126e-01
-1.475909926861225188e+02 -9.877155067905165708e+01
1.531139885178529614e-01 1.542803876367212945e+00
-1.285671256112067056e+02 -2.735394906667846158e+02
8.890460620692960392e-01 -5.753488566697739781e-01
-9.689522159493492381e+00 -5.996993351324986321e+01
-4.984674553848422729e-01 -7.179931187495414147e-01
-4.625566819253299489e-01 6.909984513299987086e-01
-9.982385735265695814e+01 -1.489419399401680550e+02
-1.329222851998375745e+02 -2.223727225009264430e+02
-4.431883665843945437e+02 -3.690623080775586686e+02
-2.363835071055418666e+02 -9.377301935138959266e+01
-9.839311895057925028e+01 -7.777817786196361549e-01
-1.040971990039256667e-01 6.812645569580969562e-01
-3.069667703229250755e-01 7.202474650441181847e-01
-4.755465606971969184e-01 -6.336929363128678272e-01
8.004751231082662954e-02 -9.568329097363401647e-01
-9.574003933116993892e+01 -2.102980337197305971e+02
-1.111507270254011388e+02 -2.713165996660022756e+02
5.487663180991442236e-01 -1.558783403278036772e-01
2.783202510775684146e-02 5.255409324652717817e-01
1.635814866969511616e-01 -4.279000288161871612e-01
2.433408061996342742e-01 -4.516999747554450995e-01
6.709184827854011157e-01 5.489344191251259719e-01
-2.956285692609095577e+02 -2.841539734114224416e+02
-3.896161420885349003e-01 2.296679977572437803e-01
-6.677286583623747163e-01 3.302910598628550076e-01
8.946120042900307379e-01 -6.232546392060278606e-02
1.888436123473760109e-01 4.607507424364107873e-01
2.992186882338114806e-01 2.034592713682499276e-01
-8.483597370053523878e-01 4.902552403370197265e-01
-8.199930198886657973e-01 8.461087217305436337e-01
-6.277903316389907840e-01 4.379437026810790723e-01
2.753942475110804367e-02 -1.858909895345266516e-01
9.061610199619014594e-01 6.473334463895390467e-01
8.630098561722112649e-01 -3.972885106960595269e-01
-7.764658718888175493e-01 -1.948188485109949575e-01
-9.636453509283482433e-02 1.614699013924439042e+00
5.994839218255561875e+00 -9.310620187712370655e-01
-1.208257127133087749e+01 -5.657912546620637784e+01
-8.403323118212491227e-01 -5.426624858735054069e-01
9.032152449216397372e-01 2.870821021769480730e-01
-5.119131201210858073e-02 -6.573144201859537628e-01
2.216869225291881573e+00 -2.007994254977631954e+01
1.140787427124353748e+01 1.683129978548130179e-01
-9.849749232341417837e+01 -8.233682450930919572e+01
-1.792739426060005314e+02 -1.556684618424035591e+02
3.195984379684755794e+00 -1.734053641854975325e+01
4.344624042906398032e+00 -6.697095108180015632e-01
2.856569420345614674e+00 -6.155928394100775858e-01
2.757977777935376462e-01 7.954445930474238757e-01
-2.788274744166356900e-01 2.401535577467079907e-01
2.868848421829184048e+01 -3.230112550107608893e-01
1.185087857103309794e+01 -4.842116595714568916e+01
-9.663828023169534731e+01 -1.587607274033289855e+02
-7.009765360331243755e-02 1.099945915588287360e-01
4.868533092605493717e-01 6.583824729809926168e-01
5.968302026577123609e-01 -8.762622739876937406e-01
-9.018670742334031765e-01 -4.832944986465514958e-01
-1.621461738384628504e+01 -1.588216013539748772e+01
-4.710570961190830985e+01 -5.036575530104684617e+01
8.981397808212521205e-01 -4.659529087901970179e-02
-7.940306676727149071e-01 -5.408155963026732849e-01
4.876951697660620866e-01 -3.929990395091940147e-01
8.841611318220568005e-01 -9.843388665325085718e-01
-1.823701444675458472e-01 3.715040660710449139e-01
-7.299956509033163066e-01 5.334824047261177427e-02
6.217842457511701948e-01 9.468975006815156803e-01
9.782500929091759723e-01 -5.622073684224746515e-01
-6.538773986189949650e-01 -3.037989431524343864e-01
4.708492250293399017e-01 5.818513680684349598e-01
1.079026800795455099e-01 7.442470942550127866e-01
9.523236429369141831e-03 1.586612917568688275e-01
6.006329255695532776e-01 2.620446501280372154e+00
1.035886930137644946e+01 1.010519350351837264e-01
3.956386257924990879e-01 6.402441082272614103e-02
-6.872451762126474684e-01 6.285396762826986894e-01
-6.048958493959299965e-02 3.093307085484566787e-01
-3.491434846349668053e-01 1.937380413984877148e-01
-5.956604664569924434e-01 1.431279723382649305e+00
-7.749851498365469826e-01 4.583471369038615961e+00
6.999145220698602543e+01 -5.049395624558465911e-01
7.988203360985565382e+01 3.827330674882422290e+00
-3.755132955261075267e+00 -4.245751965045855059e+00
-1.991699120830320879e+01 -1.319077157175282267e+01
2.862875523293534563e+00 -7.323118270796691309e-01
-5.562832997395570356e-01 7.232710509180826364e-01
3.246663798313731419e-01 4.765120156456041922e-01
3.305864439387403309e+01 -1.729130093938016088e+00
-5.968052830559726374e+01 2.633398669477873000e+01
-3.860516489578822075e+01 -1.767267292898154096e+02
-4.725604275126560339e-01 -5.353113111040024297e-01
-1.819913707779969858e-01 1.913034216345501637e-01
-3.692262874628096103e-01 2.900308309631363102e-01
-3.915542610927791323e-02 -2.680905645239144430e-01
7.437833558476105722e+00 4.615149475677808866e-01
-6.405155773696787946e+01 -1.352178841386755437e+02
2.024209426815921642e-01 -5.725566598347811009e-01
2.341685816314420521e-02 -8.896853702512963480e-01
-4.113738792799577215e-01 5.186669662436125261e-01
-6.026453674037259844e-01 2.923323946909128779e-01
-1.244385405701120551e-01 -9.030595937041288046e-01
1.676569542544881219e-01 2.348696500352565053e-02
-7.757576963706731554e-01 4.235951304572747045e-01
5.552973847814977049e-01 4.120241030726410347e-01
-4.994801991744417524e-01 9.483864681647391492e-02
-4.122789652554925688e-01 6.686873907660784155e-02
6.373623553903524641e-01 8.579844344164548886e-01
-8.561144735160519659e-01 7.033441944741971596e-01
2.318153917070064907e-01 -3.563007242309934597e-02
2.890386755311797007e+00 -8.891052539894004347e-01
6.329229695350209184e-01 8.249378012237227331e-01
-1.458931169063710787e-01 -4.399736597765064872e-01
4.395644125363298294e-01 -6.802342478929599423e-01
9.886811250942308948e-01 -6.920735389390983983e-01
5.586605732150318193e-01 1.007042651928804045e+00
-9.640060172542108674e-01 4.682958475414202848e-01
5.058806438479912515e-01 6.486347736275392961e-01
8.295871405561003886e-01 -4.316854980089641636e-01
-2.109284636914756650e-01 -2.688151616702691982e-01
-4.011456734547933500e-01 -9.946462697481095461e-01
2.293593538143308130e-01 -8.283131482935444101e-01
-3.969789409174966366e-01 -9.993968450504258083e-01
8.072266687626121762e-01 -9.239584298310443700e-02
5.086344068344227765e+01 7.293943387115549015e-01
-4.497507213432585527e-01 -8.967321157270877752e-01
-2.287341026048408388e-01 -2.960290607764080040e-01
-9.512899033836093032e-01 7.893863590445260314e-01
-8.309119818266434976e-01 9.862004646091391269e-01
4.194266725476645252e-01 -8.637162448790225433e-01
1.338478904249673640e-01 2.998776113051773162e-01
7.739376015487482441e-01 1.675220312257275079e-01
6.864225993963235517e-02 -3.041394517382441975e+01
2.132980847583749728e-01 9.204762660447114442e-01
1.220256174321068254e-01 -9.984755109181404631e-01
-7.709903779651774425e-01 6.378242648892422650e-01
3.839314469418126929e-01 8.257397195291953373e-01
3.066966615696564702e-02 1.008008187449473958e-01
3.729123901737736446e-01 -9.115783479113148680e-01
6.305838262357652546e-01 -4.108765422660134448e-01
-7.988422633655918315e-01 -3.972143627333115656e-01
3.052594138114650413e-01 -8.979466007493295265e-01
-7.848994702086804498e-01 3.025975805829090870e-01
-3.453128433146994691e-01 -2.019221134852648980e-01
-9.460026428023127210e-03 -4.430329636590906173e-01
-2.594866460552636145e-01 1.807699233578636822e-01
8.582558257145043168e-01 -1.430059386980451208e-01
-1.636610156202904509e-01 -7.082220753762837884e-01
1.983111641001691350e-01 -8.998043082203885934e-01
-5.153286878767120438e-01 -3.560982455126053825e-01
-5.649492657151231612e-01 -5.190984718637294826e-01
-6.954799732979264348e-01 8.401785904459768695e-01
-7.140633674251439800e-01 -5.005821114055029053e-01
1.868246446572996433e-01 -5.544221797663702045e-01
-3.594439288888024997e-01 3.283534162640782128e-01
6.901106019435003791e-01 4.270724412986426355e-01
-7.488013375706024100e-01 -1.605831219509505914e-01
-5.698217467971120609e-01 1.516830515833060833e-01
3.261508737592206941e-01 7.971725480329425739e-01
-7.569252524817107197e-01 4.138611407380055063e-02
1.724323024771325930e-01 -4.649989620943735247e-01
-5.834521356858926033e-01 8.637752917505741035e-01
3.226586910816637843e-01 -7.403455363690094604e-01
8.276411043830920189e-01 -3.185647548640413440e-01
-9.279968880925213437e-01 -3.229367876471718191e-01
-6.146738010393559826e-01 2.836943966104117365e-01
-7.549338815592072649e-01 5.935774267418070238e-02
6.517738538506587798e-01 8.050187407009159468e-01
6.590323908887261162e-01 -5.874054403968125282e-01
-1.966157930341605464e-01 3.309306690373861048e-01
-6.803732516131999475e-02 -6.686746313235596428e-01
-4.821692509001525018e-01 1.123404543955652812e-03
-2.538177590151569074e-01 4.131713740732918527e-01
-2.583011697682038310e-01 7.240800232368260758e-01
-4.395872730047774013e-01 -6.399596242049006012e-01
-4.632401152413285761e-01 1.991760384223713043e-01
-8.078639361596766655e-01 9.569898721522409613e-01
-7.426139770502817594e-01 -5.639450908416048236e-01
-4.702531052888661023e-01 -7.987577116617028405e-01
5.657961614127258176e-01 -8.921990366979795084e-01
4.847688095701712108e-01 6.359018691154429970e-01
8.852823089356665065e-01 2.496308562964701938e-01
5.773323782388226633e-01 -4.780294612785846997e-01
6.977267884786779728e-01 2.603539769268876647e-01
8.991675790239661570e-01 8.733634991977621276e-01
-3.504994840831678893e-01 2.651640246892130737e-01
-1.732948638214244497e-01 -7.578751478302363509e-01
-1.289396876937891623e-01 -1.330609610243183027e-01
8.375739934001049658e-01 -1.597902612302677383e-01
6.757488878388417941e-01 -4.486491654835642606e-01
-6.904363731664828752e-01 -4.904696306550961893e-01
-7.301065383724814062e-02 1.167919470552059025e-01
6.810155181762536092e-01 1.929643483881273713e-01
-2.654890943543544157e-01 7.719624843993200258e-01
-7.707831294071776362e-01 -8.995681601859972787e-02
-7.807854458382779139e-01 9.018410184260476914e-01
-4.385577795319699490e-01 -5.241504967809613724e-01
-9.235015859900952417e-01 -2.525027432102588953e-02
6.802651576075413598e-01 3.449586702488940393e-01
6.820533880813770544e-01 -3.429121772405965274e-01
-6.645651668331737927e-01 9.307064368814184085e-01
-5.170714174090547122e-01 -4.125339331687705169e-02
3.590789423428666360e-01 -3.424871277216128274e-01
-7.296936851624911125e-01 4.905010210310358776e-01
8.656079252045723038e-01 2.205740213760787327e-01
-4.810513843880863671e-01 -8.686267870004293901e-01
5.608759704881527419e-01 9.440633912999947253e-01
-1.955978330225134343e-01 -4.571704175887696397e-01
-6.992673477609843147e-01 -6.533918068699533510e-01
6.389303379258943760e-01 4.861768944603683806e-02
9.874229192324912585e-01 -8.447690695698941710e-01
-4.673786170081206670e-02 -3.888953504233496616e-01
2.656233121139742970e+00 -2.516590887065632831e-01
4.137348381899180083e+00 -9.987524373280909362e-01
9.429778530269328218e-01 -2.116073892523262501e-02
-6.975774189244692280e-01 5.044632634694716344e+00
3.280619188471527448e-01 -5.783946105690616069e-01
7.026329277327099110e-01 -1.134246508493741423e-01
-9.862380629915714625e-01 1.795831698919531538e+00
-2.252592930969448304e+01 -2.078716255826669794e+02
-4.971077926450185203e+00 -1.489361236649878606e+02
-9.350471875904636931e+01 -1.072524225682968222e+02
-3.832349354087586923e-01 -1.240829663797331683e+01
7.968253813511267936e-01 -7.256593076889508165e-01
-9.789970977768275873e+01 -2.098852340048524279e-01
9.838305215958202954e-01 7.144895025595388027e-02
-1.559395348798636292e+02 -1.356983742968181446e+02
-1.946675330213079178e+02 -1.538048166035509894e+02
-1.399956820062906360e+01 -1.378002519510742161e+02
-4.331564680095176811e-01 -8.171601356462361299e-01
2.652831200014698076e-01 8.285186550703647068e-01
9.376151891682655837e-01 -5.081286684694372724e-01
-2.568726441330853039e-01 -8.442917021072489092e-01
-5.993777742529429986e+01 -1.711025193703166281e+02
-1.554630774535981708e+01 -1.719122763222540016e+02
-4.473965744463059835e-02 -4.712749614947548960e-01
6.815998895738870633e-01 -9.858562605567191550e-01
6.724575285946068348e-01 9.688610918476070477e-01
6.389770468244206914e-01 7.723935461987447848e-01
7.827463646981380752e-01 3.615720237331920828e-02
-3.261590646444973629e+01 -4.835573455245572205e+01
3.763233109487407191e-01 -7.276095116011958019e-01
-4.771299997091711376e-01 9.707724851073289418e-01
-8.049248572127321033e-01 -1.116627628265045580e-01
-9.006106721057847153e-01 4.394853488824814747e-01
-8.290483650761106826e-01 6.921289583839929094e-02
-4.851330764177064214e-01 -6.720137754675425956e-01
7.720431106363445650e-02 3.357691304266904986e+00
-2.919535785049680587e-01 1.172625438803794751e+01
1.293373694150873732e+01 -9.857416470788933793e+00
-5.421014540863922093e-01 8.516289356909974018e-01
5.581061335400077095e-01 7.654929581582272657e-01
-4.773296077213613486e-01 2.853769798627436849e-02
2.679393754342976219e+00 -7.919026917254610165e-01
1.494847671449701565e+01 7.578558882958676968e-01
7.100479019303276118e+01 2.446333080598684262e+00
8.135924364964168376e+01 5.835834732212846632e+01
1.840059112245345574e+00 -8.824785493067852826e+01
2.269451720676349815e-01 -3.159776454121097089e-01
-3.044857691339728500e-01 2.451552365009501688e-01
3.473765041509007112e-01 -4.341058031758167601e+01
7.193154064928813796e+01 -1.901429033709033689e+01
7.886536674832657923e+01 5.756370191409970971e+01
1.838379365537325327e+01 -5.126168490461733995e+01
-2.423842275986949346e+01 -1.114079384490758855e+02
6.611367826412641868e-01 -9.782134254650411975e-01
-4.730010523318086690e-01 6.342583672069788125e-01
-7.758747617426799970e-01 -6.218901440438049377e-01
-2.654933988851291282e-01 3.173402086378256115e+01
1.585990763423477112e+01 -7.255097382601253742e+01
-4.429363404673070193e+01 -1.620232982205235430e+02
2.998502767224406895e-01 -2.359514788459908807e-01
-5.855053496580187034e-01 -6.202676844739865025e-01
-8.815295538588530100e-01 -2.652894145939233006e-01
1.187719494590779856e-01 -7.701092093072681166e-01
-7.359618714979809795e-01 2.513600493890621124e+00
-3.909496917652972314e+01 -1.063439139688285309e+02
-4.799412448926134722e-01 -5.107317809897080618e-01
-7.570317558746728626e-01 -2.211682776910504078e-01
-6.193311979033115922e-01 5.608182129145169448e-01
-2.387633989242627930e-01 -1.330717071756557512e-01
-3.042537464759111909e-01 2.392193517703011807e-02
-2.535890109436007567e-01 -9.068273319063331339e-01
7.992518636502099483e-02 2.609156750475682074e+00
-5.294127080749675418e-01 1.447580759417768803e+01
-9.830222645575166229e-01 -3.575313431652151763e-01
-2.770207784050249256e-01 -8.686389323083254510e-01
8.900466311322730029e-01 8.852034075760306653e-01
-3.093405811850182818e-01 1.220016107416344031e-01
-5.299031509215572644e-01 4.439129587559299317e+00
2.886003953450948245e+01 1.227282788252136214e+01
7.671308381964290390e+01 6.540704981016338593e+01
6.374474240153532634e+01 3.161128640492043562e-01
4.442083498012124210e+01 -2.675530655553641779e-01
-4.182031117565931932e-01 1.771052813322877562e-01
9.198249666322875218e-01 -2.889600652066506292e-01
-7.149975264932562080e-01 5.922609152113516018e+00
5.640074603743588000e+01 1.320331451930121958e+01
4.604966483095584806e+01 -2.202300489948173379e+01
-3.507984245367823917e+01 1.303813146291741454e+01
-1.004283530142250243e+02 -5.362948118937160302e+01
-1.706335562063900912e-01 7.293766805521528784e-01
9.119810657030824608e-02 1.655820332228357117e-01
-7.683776251020428827e-01 -9.264162169570329119e-01
-3.019348991617562206e+00 3.305886605748155915e+01
-4.840873524894220026e+01 2.623991400878508529e+01
-1.172185971700049265e+02 -1.883743131347997064e+02
-2.917587899013391883e-01 -4.650387685077672639e-01
7.761346724972730815e-01 5.152800406870969852e-01
6.759311284106590545e-01 9.086756399519984040e-01
-4.695558654438369839e-01 -2.250949633932199934e-01
-1.064744712134518068e+01 1.609708252079036939e+01
-6.465965591832416237e+01 -1.374783761063656300e+02
6.694900782704815700e-01 1.431761736471170998e-02
-8.176729281928671877e-01 9.511073423376501523e-01
9.033908309975640094e-01 9.889253132460023021e-01
5.846154182002627486e-02 2.726264931625446142e-01
-1.297979834855893522e-01 -4.848597597519535007e-01
9.495966421268753344e-01 7.381263330975209591e-01
2.796406261194517295e-01 -8.297625527859211481e-01
6.741893415313748861e-02 -5.814429861479619710e-01
1.128095237366411041e-02 -1.228102680011302628e-01
-7.732007079862679433e-01 4.118864932901649123e-01
9.212657128722616662e-01 8.057732165216364706e-01
-7.022964472144683779e-01 -7.532846335664269422e-01
4.424515194852388866e+00 -1.775573635520482085e-01
-3.006623856035841591e-01 4.760859532756207990e+00
1.095212104675760134e-01 8.853176831268760871e-02
-7.869010569439569558e-01 -1.879784323521886957e-01
2.440793375802177145e-01 -7.494211010891234093e-01
-4.249563089567300889e-01 -7.888373512057385017e-01
-4.724246367789175505e-01 1.874645192534530880e+00
7.200901173905289276e+00 -7.732660844724101867e-01
1.478199770704429206e+00 -1.683066899305063480e-01
-4.090886403872411314e-01 4.890280299715096390e+01
-8.384309743540359960e+00 -6.883025653095896246e+01
-1.260558782359700132e+02 -7.833121235814607530e+01
7.494189427587505392e-03 -6.620598649950821812e-01
-7.004995236204270004e-01 7.028893224068708534e-01
3.032184062815717063e-01 7.378981155731776376e-01
-8.060163472627870362e+00 4.803025769119888366e+01
-7.828333445926028844e+01 -5.231905454256303756e+01
-8.030478452526301680e+01 -1.768801409271293039e+02
8.835055618429774604e-01 1.890307974882379227e-01
-6.099799126622464929e-01 -1.567612538525446908e-01
-2.334865119452702586e-01 -5.989663862845018283e-01
3.571673564274395751e-01 -7.605551775754959554e-01
1.632755904577353423e+00 -2.629879801496060043e-01
-1.042181020395461815e+02 -1.480505046442615367e+02
9.719443477162375000e-01 -4.219074020179560680e-01
1.377552143428515397e-01 -1.809910976846060837e-01
4.208444326924032364e-01 -5.412006976507637290e-01
-7.561116723401037909e-01 -2.581763779508150503e-01
-2.474069967303895723e-01 5.632263093261735687e-01
8.821864931786507213e-01 3.649299207869534101e-01
-4.026079229132026871e-01 2.262998590831812873e-01
-7.073151156953931817e-01 3.275371171765883993e-02
7.165842110474518467e-01 2.662708523923906778e-01
-8.796544485238149136e-01 -4.264120977942642554e-02
6.850525819422834672e-01 2.164362181135377483e-01
-9.799645112780002165e-01 2.421686387176023025e-01
3.977325759856258358e-01 7.263384911095538410e-01
2.501848066151597383e-01 2.723359557097657646e-01
-4.016172378259263986e-01 -2.060709370573174937e-01
8.808387388233178683e-01 4.792977279631349674e-03
3.477014426738833652e-01 -5.229905222458735015e-01
-8.949444837975593092e-01 -8.841746821805154255e-01
2.103679264690223594e-01 6.564288251283152409e-01
-5.568408767429680051e-01 1.860067477261879709e-01
6.286112753439800915e-01 6.206625245246510936e-02
-6.200045026817317950e-01 2.994727145625977194e-01
9.770436549550920446e-02 -7.372806849554094377e-01
5.186974018109131723e-01 -9.538688715455270195e-01
6.835700151388857115e-02 -3.347657363826537225e-01
-4.526122045957894358e-01 -6.264503672049888117e-01
1.529053957735730940e-01 -6.234511345098956436e-01
-5.466150728168273076e-01 3.532167506394743306e-01
3.907314705894986417e-01 -1.269797937961980594e-01
5.098194336425454498e-01 -5.180360296728765412e-01
-8.516446899846747964e-01 -1.664179734675519384e-02
-2.722230409120673933e-02 4.256179399281454501e-01
-1.986063565089324356e-02 -2.647132815436703535e-01
-3.482551807774543207e-01 9.561927055496313166e-01
-9.841426188764621497e-01 -1.175002280412587030e-01
8.904646340882327316e-02 8.984395477232072214e-01
8.309533384943295076e-01 -4.633144633034360638e-01
6.193760436475272968e-01 8.199896062231903926e-02
-6.865201839755767921e-01 -9.474464169610330444e-01
-9.931662664647300520e-01 1.325614211272907461e-01
-7.244809438841999238e-01 -7.045009267030299949e-01
1.504770805211830265e-03 -9.390458130555559002e-01
-5.344875374349804531e-01 -2.467955646224242461e-01
6.637848044024130534e-01 -3.421741480125359836e-01
-7.220586389247660719e-01 4.761005952764416627e-01
-4.869133656737405502e-01 7.725288537797059263e-01
9.503639347032262208e-01 -3.280087415413739382e-01
-9.014073358429763871e-01 -9.466073851205791811e-02
-7.750213966351933159e-01 5.899167550818193995e-01
-6.849659830695788987e-01 -2.889648037717795770e-01
-3.836891033026645914e-05 8.727051724932506360e-01
-1.799115285091024141e-02 6.688729671126298904e-01
2.936404709326692064e-01 5.258165815938560250e-01
-5.251332690761796318e-01 -7.133005978303397221e-02
9.008927478388217835e-02 3.295392118396895942e-01
1.272133565000728161e-01 -7.540063811413086903e-01
-7.938833783438425939e-01 -2.425688762987425751e-01
8.309823427955760344e-01 6.635010256745907942e-01
-3.830660624036177353e-01 -6.277028117194403123e-01
5.228772965610763990e-01 -4.770033304897514093e-01
-1.329034223883174270e-01 7.444704344351995573e-01
-3.383284862271056515e-01 6.662746280504108221e-01
5.598403451719566881e-01 9.855488730265520303e-01
2.275379114469928687e-01 -8.372097146097483567e-01
-2.994442456646386752e-01 2.265785527861212678e-01
-8.038604775731787999e-01 1.520220760032251484e-01
-6.727111672164625134e-01 -3.401673171232117987e-01
1.487902581725732976e-01 1.650233281416286779e-01
3.428795157756454604e-01 7.280015898654446094e-01
4.073227421675023052e-01 1.704362210275562894e-01
-9.757283064940849293e-01 -6.577744644728931167e-01
-1.076231416992423640e-01 9.749324893151189997e-01
6.022611480276884866e-01 8.078296833343601158e-02
-7.623479279481801818e-01 9.307461960136416579e+00
-3.884213110829854987e-01 5.134632313087037492e-01
4.679264338773001519e-01 -9.447974087935615550e-01
9.778974567046772037e-01 -6.337050578896519237e-01
-2.458685311980171040e-01 -4.623139967610854217e-01
7.243356580014006507e-01 1.444090236234352620e+00
2.386910412451809016e+00 -8.382846754076922480e-02
3.301595727666843061e+00 1.133574307242678270e+00
-1.380803036606237377e-01 7.638547717486101618e-01
-9.486159836159773207e-01 1.755603578580592128e+01
8.650964390917801339e-01 3.937652412527603563e-01
3.512040150262882854e-01 8.795491931695302856e-01
-4.994816420997933992e-01 1.253410488996995475e-01
1.870429669428135355e+01 -1.975663405092391756e+01
1.805659948196561970e+01 -9.812772977952686215e-01
1.298487898511314143e+01 5.004707674097170766e-01
1.796942580236781772e+00 -2.877215858325085307e+01
-7.659154472767775168e-01 9.525114519064876717e-01
2.215200507043131317e-01 4.209426413380139564e-01
2.301303460752817109e-01 2.129288941194344975e-01
7.010031701924970271e-01 9.444247697174854572e-01
3.770345546864215436e+01 -5.567669989171153411e-01
2.507940201267190528e+00 1.014119979695804474e-03
-9.138154847337183195e-01 -8.051385269910023013e-01
3.702102183620596954e-01 9.669383803841036240e-02
8.936777422124053682e-01 -5.946802675065896437e-01
1.537616091018443321e-01 -9.387171938159875051e-01
1.843043850554905161e+00 6.256468804805184192e-01
1.479309477234173276e+00 -1.517790688936607069e+01
7.113783609104105121e-01 -6.877164182390282932e-02
-4.136773996877107784e-02 8.004730917559004233e-01
1.082897144800780698e-01 1.405796759715345345e-01
-8.242303999650981705e-01 4.155265577040943015e-01
2.052384447669619583e-01 7.483581558919920607e-01
-9.824323965670689329e-01 9.377813252227591434e-01
-5.052915267771056484e-01 -9.475729359138487240e-01
-9.933904400884219221e-02 -3.907162604183491705e-01
-6.154940900924876779e-02 8.822995207989998701e-01
3.537316338548006645e-01 -4.130834586113447671e-01
2.447521074310650135e-01 1.037197722541156608e-01
3.440653850866550734e-01 8.257377572665096643e-01
3.715705777192089609e+00 -9.212046992273226209e-02
2.712926664044528025e+01 1.535984199857673183e+01
-4.681597529446776207e+00 2.420549856701718738e+01
-9.817651041362840392e-01 4.492623246499345413e-01
1.174404360278345827e+00 -6.036057991302707926e-01
2.750807925884437566e-01 -4.293969128747929798e-01
6.820088178059680040e-01 -2.826956015659860544e-01
2.438276261742192119e+01 -8.780552733036344204e-01
7.158500350295102521e+01 2.515564819592136558e+01
4.813828484802305496e+01 7.316732898250246819e+01
-2.080314131705988245e+01 -1.171220266286253775e+01
2.584784740636152733e+01 -1.637466534679432328e+01
-5.776945632828023314e-02 6.910725068081482458e-01
7.317094935804366873e-01 -3.672694821760271733e-01
7.359535348077660899e+01 -4.795105685961034148e-01
6.617090700957022875e+01 7.687845835880918344e+01
-1.907201670700448304e+01 1.790114906705658626e+01
-2.624556987206372938e+01 -1.240914110412110745e+02
-3.342714370107982003e-01 -5.250759329003276132e-01
2.070370400209795569e-01 4.169647856984810552e-01
-6.096474384815901981e-01 -5.395264011397655768e-01
-5.452924334181170618e-01 -7.012403127083133292e-01
2.612530449618521544e+01 -7.388172352335844462e-01
-4.082179545544796184e+01 -1.986698462607574527e+02
-3.738155107496783369e-01 5.331512609819899495e-02
4.187445925228672206e-01 4.921715205415198024e-01
-6.072719953455738562e-01 -7.074843751596373576e-01
-2.580565307640119155e-01 6.816556587073974161e-01
-7.370097534843880194e-01 3.213373601093527654e-02
-8.018287460386759324e-01 -3.749253397531713272e-01
9.469266691803255309e-01 -6.926991517302827361e-01
7.299523358871540246e-01 8.289355711780483915e+00
-6.415407743454140110e-01 6.659568034137288706e-01
-9.901670182511019824e-01 -5.462498888820936926e-01
2.179989171605667408e-02 7.539685520853636191e-01
-3.118045186462299334e-01 4.139569947384855730e-01
3.388933583441199549e+00 1.477760287412472895e-01
-5.269550886325788941e-01 2.133611342666467081e+01
1.184778725679155365e+01 -3.861524188184031203e-01
9.197497917581016758e-01 -7.751820271420883923e-01
3.017147634857793026e-01 9.426801878182784478e-01
-7.795553765214013886e-02 6.149703658549414698e-01
7.466308549027599106e+00 3.046506364869652206e-01
-1.359855681991102827e+01 2.909686692549034603e+01
4.597294305261306135e+01 7.601714591000842347e+01
2.923049968092650630e+01 7.369944516628797260e+01
-1.097248134518024543e+01 1.685862120146957110e+01
2.571960505244197037e+01 -7.420753786740634439e+01
-8.237114882946947603e-01 -9.982319397483463419e-02
-1.168403457552360525e-01 -7.808514572491833672e-01
5.818742496004953324e+01 7.692833251156311292e+01
-7.570057020129837611e+00 6.888243008770027132e+01
-1.413814280179542209e+02 1.135514553802358151e+01
-1.460339288171375074e+02 -2.666060568240864654e+02
9.990682609711958317e-01 -5.176532161954263689e-01
7.267712425439487589e-01 8.818989886885963969e-01
-5.573319285568705261e-01 9.166152892717658318e-01
-3.594184285659483002e-01 1.858348868970700352e+01
-1.699846968730580556e+02 1.435283594813601660e+01
-1.725405625310515916e+02 -2.449867453065055543e+02
5.937710428072122681e-01 2.756857851698175654e-01
-4.675940549487564990e-01 3.110760047230223257e-01
-5.156098018965908913e-01 6.661149666809751402e-02
-6.674047970861960444e-01 -1.247441911085471755e-01
-1.095167511553674800e+01 9.599354678187147272e+00
-4.163726126551402729e+01 -2.752660200372361743e+01
8.958846798433166558e-01 6.229319760596627731e-01
-1.093946794463178662e-01 3.432507774860056315e-01
-8.071996277589537083e-01 9.578085837723324669e-01
4.617106169081230949e-01 -7.234510351191296706e-01
-4.819597212150272814e-01 -3.663554370680446315e-01
1.809850491621805002e-01 5.730298406791067833e-02
-9.097038204213430124e-01 4.482995089269865563e-01
-8.258988761872749773e-01 1.437018531419074874e+00
9.226905139464494088e-01 9.021004976154369803e-01
-7.894599818629717269e-01 9.515179560765663069e-01
-5.624884606238069740e-01 6.332066931196564941e-01
9.980564861496565854e-02 2.952917213217056691e-01
-9.944831924345035645e+01 -9.521527908115947980e+01
-1.823916421505176189e-01 3.154429169699504154e+00
-2.648454808243239995e+02 -1.224578853185978176e+02
5.711663774085347089e-01 -7.576519915398327587e-01
3.340140917148913813e-01 -1.600663022287447390e-01
9.299585710134250505e-01 1.707954959155277841e-01
8.439516266277959922e-01 2.528511475314367818e-01
4.240317955488888124e-01 3.825804287367107204e-01
-3.512954352039480455e+01 -9.817425266763923730e+01
-4.138974295875343756e+01 -1.629962228063457701e+02
-1.676536582783947722e+02 -1.044895419900409195e+02
-2.576067463747514807e+02 -3.336754342788987628e+02
9.792287483395720749e-01 -1.485627761378605083e-01
3.334555042095008748e-01 -9.241910982259673446e-01
-5.419199405174746076e-02 6.408926072811693686e-01
-9.793236638283103446e+01 1.712704782747747601e+01
-1.584380828210151719e+02 -1.745192722942240948e+01
-2.938345097713543055e+02 -2.917413618805743454e+02
-4.108317319508874021e-01 -9.404478880815010378e-01
-7.484604176114806329e-02 -8.579871849262508121e-01
-2.026143234835209306e-02 -1.017275135957698140e-01
7.303987213477693974e-01 -4.593057412922700866e-01
-9.500890832251021045e-01 1.241818600241106907e+00
-1.063015036595813712e+02 -1.352462394895304669e+02
4.089646760505625256e-01 -8.418634735956924686e-01
-2.764186730716018392e-01 2.735902693938874197e-01
9.507808835762507904e-01 3.030267220557956165e-01
-2.887791823229992616e-01 -6.892461111951990738e-01
-8.507762348563341348e-01 -8.419344728227251551e-03
-4.582632111273239328e-01 -5.274006376642410565e-01
4.640515972165382141e-01 -5.270420882166608756e-01
-1.974529208678068581e-01 -8.145372542355067136e-01
-9.292252119623607420e-01 -5.051221489819974764e-01
5.815167387785227238e-01 3.272863754284189852e-01
4.979963699651315245e-01 8.526880819966484726e-01
9.513471091068481655e-03 3.548253566042585128e-01
-9.936063639493415423e-01 4.551661728503895166e-01
-1.201208242009503824e-01 -1.627253071922674099e-01
7.721561351601664569e-01 -1.579783561254688440e-01
4.500806501872092191e-01 -4.563284905262747770e-01
-6.185306585044527683e-01 3.046252355141803037e-01
-4.385887738432945326e-01 -7.239049831598096674e-01
-7.021504911645790603e-01 -7.770444694423432885e-01
9.343975153832115854e-01 2.493144152041693040e-02
-8.497764409354042758e-01 5.094637021967143298e-01
3.310953943721695047e-01 1.399990746749590897e-02
-1.846380135498097985e-01 -4.276623176448250963e-01
-1.205858736230369654e-01 4.517567174089163196e-01
-6.580740663218556108e-01 2.483305177395986885e-01
-9.735515411207567027e-01 -1.974224533876571819e-01
9.405500353697435756e-01 3.350232898231508827e-02
-5.538368096068200241e-01 2.078139042054625296e-01
-4.382976848693884708e-01 8.836982993811255405e-01
-6.713807691648168152e-01 6.983065349049406567e-01
7.381899233298221397e-01 5.595828477031690174e-01
5.892589878069076637e-01 2.051614450208587570e-01
-9.518869763528787775e-01 -1.489119012063992997e-01
-3.399246279611998212e-01 5.941714484861804202e-01
3.626407876776716055e-01 -3.007037285636176005e-01
1.102051915652948466e-01 9.129606644214487421e-01
-6.090135373900111837e-01 -2.215267272805685472e-01
3.530731597007075173e-02 -3.300734172472585826e-02
-1.260598196146094363e-01 -5.688184177965356358e-01
7.509221494461426616e-01 -5.787445831212627567e-01
-6.145557002194339535e-01 8.959896233686515110e-01
8.715975254887240453e-01 1.648733697334225923e-02
6.724045572087911093e-01 -5.040196635605369568e-01
-6.468182974003142682e-01 -8.802560605978277941e-01
-8.845450063107247463e-01 9.373105746445133946e-01
6.599613447097181229e-01 -3.346382660502196238e-01
-8.376905223901744968e-01 -7.586185609033520016e-01
8.066470349854091282e-01 4.078049402927097500e-01
-6.349031891398388971e-01 -7.643414690746563878e-02
-9.711279115843098886e-01 -6.704783421959144007e-01
-4.807119849914398557e-02 9.773102189946791807e-01
5.661602036874655575e-01 4.656614466162756205e-01
-6.043265875734251669e-01 -8.385089840271116035e-01
2.896634175446171078e-01 -1.513587172623021004e-01
9.805038621796104970e-01 -3.441948009145794352e-01
-8.095281390639093022e-01 4.620151896841599992e-01
9.466753623293748809e-01 -3.398888765727245964e-01
-1.982009691401220852e-01 -7.928975501683552807e-01
7.660915165661332793e-01 -7.284062671098778807e-02
-3.749039249375436533e-01 -9.255633573075872089e-01
5.027708243399546806e-01 4.497379379420538559e-01
-3.464310848441360946e-01 -7.282119770456789709e-01
-7.368879056863621990e-01 -4.425387714558008945e-01
-4.926100250856644269e-01 -6.752003272402300471e-01
3.522436045178816144e-01 6.711558927432619281e-01
-1.026720078106952982e-01 -2.589176166446778282e-01
-7.097775552658327491e-01 4.762354849910721555e-03
9.023087181308830917e-01 -4.361438267984660833e-01
8.058931309640118279e-01 -4.012010126942315846e-01
-5.200729157860455310e-01 5.385233665076842868e-01
-9.251519186974115350e-01 1.780043418567833768e-02
8.400468711065840477e-01 5.645825456893589500e-01
-7.738821979321985900e-02 7.255381908662945634e-01
9.534991678846416185e-01 -4.766754630238241308e-01
1.075642112292931607e-01 2.512415502008120427e+01
7.681909375957995945e-01 -5.678377367138749410e-01
8.319229717966076798e-01 9.093392826316477606e-01
-6.598624741856111697e-01 6.062310688187766416e-02
-2.927579600832126427e-01 -6.739134596570719449e-01
3.422723733506645161e-01 -1.269154601337996180e-01
2.816024388184172267e+01 -5.239156445498600601e-01
-5.506132737144184830e-01 -5.555096132380481500e-01
-8.426131422289233619e-01 5.966141892599918783e-01
-6.162916199641998993e-01 -4.415062228052959448e-01
-4.698760991045980440e-02 3.993787410304461272e-01
-8.300054028533918604e-01 8.099385932310876335e-02
-1.489594392727260352e-01 -1.272589801198413806e-01
6.071263044544906728e-01 -8.197610605250091886e-01
9.766665228403326182e+00 4.503342521256037401e-02
2.084803000542105877e+00 -3.107197210235300489e+00
-3.464737235730483977e-01 1.210951554846673162e-02
-2.531710421116806220e-01 8.530571091492122893e-01
9.581338980590130561e-01 1.953150935317631287e-01
4.435618327148411755e-01 -2.282679946806729365e-01
-4.492752281022254213e-01 8.893818609831708244e+00
-1.777197060282535190e+01 -4.490699900324605309e+00
8.006687538285381933e-01 -6.533609917161025127e-01
-5.295844421089266341e-01 3.238508978860583643e-01
-8.956470022721114699e-01 -3.868569243957531434e-02
9.805673551341378413e-01 -5.824123766387256929e-02
-9.222932947766351308e-01 -5.259697063690005336e-02
-8.022403952848455866e-01 3.494141519856730493e-01
-4.270709142199347053e-01 9.566993640625836015e-01
-2.953768831669212336e-01 -8.658845440972635643e-01
1.804278564139032426e-01 -8.374902161193402694e-01
2.368625312452385945e-01 5.208321421175510224e-01
-3.608736917074018002e-01 -9.980649333100271026e-01
1.215595573690420039e-01 -5.933943213065298039e-01
1.340984285241014318e+00 2.034562408430180547e-01
4.867634293893720709e+00 -9.687589884431651033e-01
-9.339630034019541505e-02 2.820967396642131142e-01
1.843910092517120347e-01 -2.190891212692589463e-01
7.676944487943668793e-01 9.964665989704368787e-01
-9.695824116743745336e-03 4.494549437587060936e-01
-2.625217472768264226e-01 3.933152876675431564e+00
2.094729913845168046e-01 3.164622865705605648e+01
-1.941542152681858369e+00 7.914005779913169647e+01
-8.566506191133127501e-01 1.451064154691152552e+01
-7.489118272782171459e-01 9.148087317819048048e-01
5.599210764682194252e-02 4.324315436625366260e+01
-9.244334592225766922e-01 -5.008572413776468668e-01
-8.890384057393330153e-01 3.074378539966502455e-01
-2.310658313206099024e+01 7.412347413176422606e+01
4.000898467216696730e+01 8.785819948122436074e+01
-5.569227970173710851e+00 3.885555892275081646e+01
-6.097751396465736384e+00 -3.299657085918933319e+01
5.314721117457730237e-01 6.488237458687129422e-01
2.114592374505692707e-01 3.859655295675865627e-01
-6.452943550935796857e-01 -5.790006009581447621e-01
7.624174592889633573e+01 -4.748066865648956636e-01
-3.593397490169780184e+01 1.753360695651961265e+01
-8.987536461162886070e+00 -1.197529500957658968e+02
4.405491693880103643e-01 -8.942705987936152567e-01
3.112499447772194561e-01 -9.329977975086805042e-01
-9.561012326753104418e-04 -2.234647793855937259e-02
6.012347784999567679e-01 6.103586599096195719e-01
2.224127469024488324e-01 1.174775627573891690e+01
-5.180681856506468819e+01 -5.455650464363748142e+01
-4.733510622588645855e-01 -7.085629212968989066e-01
7.866452590223254049e-01 -8.768062383778585378e-02
-3.689538418041427015e-02 -3.715272557185667068e-02
8.598013199796903372e-01 -1.137544972401931531e-01
-9.709288150643131665e-01 -6.350907136541676934e-01
-1.586008306314339311e-01 -7.087563592196801654e-01
5.761690077693402134e-01 7.679021705014090760e-01
-1.264843805554196443e+01 7.319351342590227905e-01
4.185865673409256971e-01 -9.842910173388748074e-01
-5.456528564429639072e-01 -9.365391944024943349e-01
-1.442194922077655317e-01 1.521961699856944072e-02
-2.408789837189959648e-01 -5.875601871066846726e-01
2.066618261912104071e+00 -4.385509970688779902e+01
-1.998455756942967909e+01 3.075609545532008582e+01
-6.027001411376834028e+01 6.837213716552413700e+01
-5.246702285059365867e-01 -2.691091022291207668e-01
-4.445583368920391631e-02 1.133567884759733690e+00
-9.214304629805449842e-01 9.940813974008464449e-01
-8.257484926679437010e-03 -8.019035656673230150e-01
6.352136885174046732e-01 -7.647363216722125046e-02
-4.760174839449352646e+01 7.481553649361057978e+01
-9.632063120386563071e+01 3.369239448565378581e+01
-1.259115458198908470e+02 2.238912003305770781e+00
-3.825746947060525827e+01 -1.129995915696281088e+02
-4.964392714964396269e-01 -8.902007432551193311e-01
-4.437297055198328177e-01 -7.463196172940647077e-01
9.519667516487479997e-01 -9.524289410534843014e-01
3.975595575366439594e-01 3.955884723829196759e+01
-1.178587642584904813e+02 1.235119352585483909e+01
-1.326064997421909482e+02 -2.708240503270077397e+02
-4.620074372988449696e-01 6.667718281929093660e-01
8.206112921673738292e-01 -5.174370385777762316e-01
6.095549578348171682e-01 3.224834719106381975e-01
-2.317813946562872207e-01 -8.014204325165514842e-01
-8.699963126724563267e+01 -7.080420537889517973e+00
-1.385885289447759590e+02 -1.393658596774653233e+02
7.238550811068322766e-01 -8.920647622037540803e-01
4.858349171300568869e-01 -2.638695749309283300e-02
3.180345568565146053e-01 3.232224499030993403e-01
5.291842843303149468e-01 8.247374857289659911e-01
2.538236944743066381e-02 -5.916391994379810448e-01
6.985880699569766428e-01 -6.413696168068716563e-01
-5.411252414295342206e-01 -9.147329167282221007e-01
-5.386437415811629048e-01 -9.030267645332550330e-01
-4.144863495133006559e-01 -8.802111716396929797e-01
-2.846569664236688890e-01 -6.723243159314526984e-01
5.897877198645784524e-02 -8.441695143445397953e-01
1.011840668770300766e-01 5.235346347485925200e-02
-9.899073322540219522e+01 -1.457466574662401513e+02
-1.228520752426750136e+02 -4.817048076641554388e+01
-9.980211935717017013e+01 -4.790645724463983868e+01
-5.898168346503442905e-01 -7.168894068128579544e-01
-7.233557495704819473e+01 -4.383880876824561845e-01
-1.720028515562257443e-01 6.314255061394018487e-01
1.019622856351924955e+00 1.362085743332028809e-01
-4.494951106603515267e-01 -7.127244016989755515e-01
-2.273655843037331579e+02 -2.032195790979809544e+02
-1.797143031050527782e+02 -1.928004411309013619e+02
-1.968609192983991818e+02 -9.932808612775838242e+01
-3.882897227665920159e-01 -1.900605249154694310e-01
-8.974796306258476797e-01 -4.146813510140963110e-01
-2.246932158775520882e-01 -3.025747710867063844e-01
-9.821388354994382563e-01 -2.847276257861939275e-01
-1.754413325620959085e+02 -1.340757929621790083e+02
-2.976383106872993949e+02 -1.852868708964846292e+02
-4.298236057083877881e+02 -2.636528689687983160e+02
-4.665361700314905047e-01 1.163122561334077876e-01
8.628903080060057462e-01 -8.097836391216710616e-01
-8.811418096752448026e-01 -4.084309832524790629e-01
-6.312026717395999853e-01 6.945910852506356203e-01
-2.305932239325912860e+02 -1.976606515625720419e+02
-4.209839087153139872e+02 -4.242328144341993266e+02
5.763322158992538746e-01 -7.403722380735500153e-02
-4.946125934987506412e-01 -2.255684752478481769e-02
-8.352170094737312311e-01 -5.348688573590349993e-01
2.563216988011691733e-01 -5.179904106508488315e-01
8.173192201304104731e-01 -4.759486240353214548e-01
5.779247949771648685e-01 -5.181579836302359077e-01
-7.825372583351348776e-01 8.533857298760987309e-01
-4.673151735272735863e-01 3.203089296736194580e-01
6.167874962914121628e-01 6.603062813317928104e-02
-2.043800026137381209e-01 9.018656103496351939e-01
-8.960339673203421285e-02 1.708623406070306494e-01
-1.880303497146291747e-01 -3.039923462534432907e-01
-9.414913351807516761e-01 -2.769956572485205992e-01
1.873804256540572144e-01 -2.080719764779144221e-01
-6.874069888376006521e-01 -7.386913195549142941e-01
-5.467581384048318949e-01 -1.688044931244829794e-01
3.980485053033970821e-01 7.137001329069834199e-01
-7.474530213793262323e-01 -6.649316507079034988e-01
5.450883247580842195e-01 -1.438026106847900554e-01
3.585027970013245913e-01 -5.428679040569550640e-01
7.729686321962720985e-01 -2.104957098325515030e-01
2.235548388706052325e-01 4.631275063603239595e-01
3.190429607979263782e-01 -9.340621007836169554e-02
-5.696561895004501608e-01 6.834862211833065970e-01
4.563394184291007516e-01 -5.367598430035371848e-01
-3.248845919750742439e-01 2.570276163153801807e-01
2.305921833716184643e-02 -9.848797611189477053e-01
6.278324617537729413e-01 5.811082323885514711e-01
-3.310605747485886319e-01 -4.006542402978432449e-01
6.365110035500372021e-01 -7.481821398752845909e-01
-5.308389659721151066e-01 -1.633765684587127343e-01
6.211402741785629900e-01 2.709314541328229353e-01
-2.407879106912831357e-01 -9.172072054942101982e-01
2.058526023062752230e-01 2.115333231500475808e-01
4.034968813195738413e-01 -5.401771683070855090e-02
1.806108960067831504e-01 7.457017419015046222e-01
6.085586131228102325e-01 -4.790299919665264028e-02
8.621138374956944794e-01 6.777905481127590726e-01
9.407128186413074022e-01 -7.725728072447668460e-02
-9.237976290616620734e-01 6.923882806703132164e-01
3.485013370258895904e-01 -2.923843360080713438e-02
2.470454205320580243e-01 -7.292549598154318691e-01
9.246142319724379721e-01 6.562430555740299543e-01
3.415971165320019765e-02 -7.847049659751359485e-02
6.526154682492155690e-01 -6.888273765307324492e-01
-4.801504325121470629e-01 -2.409567282527476095e-01
9.787160706858526460e-01 6.407297533310580828e-01
-5.584620411251846051e-01 5.254595228617315872e-01
-9.847939068518567485e-01 -4.949538536113222698e-01
3.982271812807913758e-01 5.795423239952040007e-01
-7.610186157822356190e-01 -8.586636555510538393e-01
2.671402457713112355e-02 -2.378382864877726099e-01
-3.918457168807474300e-01 -6.594980283243390140e-01
-3.477218754920419208e-01 -3.437484586002697018e-01
-6.059570084321177497e-01 -4.434386586374943207e-01
-9.415634455904628997e-01 7.395934651460109865e-01
-1.295761374774029306e-01 5.099357172349687772e-01
1.226108027726537930e-01 -4.692166608465753175e-01
4.621624504529682209e-01 -5.516705762612894581e-02
-5.393553857195880763e-01 -4.919198618699678338e-01
1.967279203045244618e-01 -6.767598456246646244e-01
8.319295507686856883e-01 -6.924161738795466814e-01
1.362469946405999721e-01 7.424817192789214815e-01
5.329932165304887004e-01 -7.883208508499295331e-01
-4.217242920921662197e-01 7.499221631299257673e-02
4.648645353644351719e-01 8.601326700488252097e-01
3.243895438165067535e-01 -3.267632900053834000e-01
6.189501295984485285e-01 -3.495699809772081501e-01
-1.615286872282126751e-01 1.888727278946615851e-01
6.153311930436096144e-01 -9.068091456852009902e-01
3.407523071010221116e-03 8.854662495154896895e-02
4.749194376588392608e-01 -2.565353136384824762e-01
-6.268444112967854753e-01 -6.733669678110625334e-01
-5.941559180608380064e-01 -3.173544075301522049e-01
3.067005871681709461e-01 4.685843302494752116e-02
-3.395442582274870169e-01 7.195402229139535866e-01
2.506687611353288769e-01 2.720767230254688140e-01
1.869451814506712939e-01 5.661292119351801766e-01
4.830480406916493052e-02 -6.622474066600232412e-01
-8.406312714408186171e-01 -6.205268256530320770e-01
-4.738395523443015289e-01 -1.568891454690928278e-01
-8.964890708417834198e-01 5.183357685949641080e-02
-9.207956653232953759e-01 6.227018473567922374e-01
-1.068964120816739971e-01 -5.812575347925375002e-01
-9.822740648734973323e-01 7.834362900096165649e-01
-6.565696285368176621e-01 -2.061790971527317495e-01
-2.007349535590676748e-01 4.986868862967566152e-01
-1.222071636078903012e-03 -6.624883293900705183e-01
6.933246236668022533e-02 7.710021870659322651e-01
-7.409771596390137827e-01 -2.389531224259791031e-01
-6.700119066881138341e-01 1.383466589581499040e-01
-5.918148348143272841e-01 3.664397961095240408e-01
5.851422798816015014e-01 -2.168164963313843341e-01
-4.636288867071653996e-01 -8.818901685857540862e-01
-8.788200116243423121e-01 3.003175789179119981e-01
-4.927613726235944291e-01 -1.933209787993621642e-01
3.729281881068680082e-01 -1.458676865687229540e-01
8.779680654964872044e-01 -2.360851429577579541e-01
-9.849410009643142505e-01 7.856457416671873695e-01
-9.115157082733871263e-02 2.108092182682486104e-01
-8.051976623748156037e-01 7.011594608956983610e-01
3.368766548561974439e-02 -1.569347663271194460e-01
9.717324721440327995e-01 -7.739092217956855535e-02
4.496855711207503603e-02 6.231677054622435374e-01
-9.380892777028546625e-01 2.205592965096292435e-01
9.817192544629462780e-01 7.862872389584856236e-01
2.987215982531266079e-03 -5.416729414666201503e-01
8.947595351816375331e-01 -2.276904069100180728e-01
3.070666443363587739e-01 7.452622776215558353e-01
9.261909574628712782e-01 9.084951915512275988e-01
1.784657453909168634e-01 4.558925178251216348e-01
6.215946170604018661e-01 -6.085459558294656901e-01
-2.704716414414496395e-01 -7.209443106665978096e-01
8.115885999428149589e-01 4.552459612689374602e-02
1.400779604284952296e+00 -3.877729113403172168e-01
-6.278947656505888819e-01 2.750525915105180630e+00
-1.692516729086117611e+00 1.331862751243657961e+01
-7.420519221238035534e-01 -2.779933076087475197e-01
-5.021674422910966662e-01 -3.590584686321995900e-01
-2.176931835163165019e-01 6.106205729334297505e-01
1.478055719114073074e-01 -7.037157091173940060e-02
-6.995448507852031206e-02 3.705054017090889107e-01
-1.371777145217431482e+01 -4.978293557440043315e-01
5.574309924919480519e-01 3.654994477317061730e-01
-2.009681644973289849e+01 4.209370229595555735e+00
1.285713098474337812e+01 1.238417674103804433e-01
9.176202871891920854e-01 -5.005859831134638060e-01
1.888913728364527422e-02 5.673087360956166059e-01
-4.081374526131773539e-01 5.570921230341028263e-01
-3.168363522967494461e-01 2.632670324098449477e-01
-2.712117962361776335e+01 2.222023256597820406e+01
-7.603041165997649564e+00 -5.661228304868473771e+01
-4.593681614797295865e-02 2.328208414645795976e-01
2.868449381135060872e-01 2.414430210791562725e-01
1.658103535241559623e-01 1.120830232631875312e-01
9.689698479567321332e-01 -3.101844881606317106e-01
1.106919418628054608e+01 -1.587666639166831484e-01
-2.642986530306717441e+01 -9.851351694152481286e+01
8.267274887543241135e-02 9.328970365720319347e-01
-3.815466200461139490e-01 -5.607464608112764370e-01
-1.482888085137255008e-01 3.910621252652899393e-01
-6.513900638287399847e-01 2.028929800173229214e-01
4.864588984456643672e-01 -4.271932904191417801e-01
-1.048395942753705956e-01 6.755909559457422553e-01
-7.565014447812634657e-01 -2.619099973525147451e-01
-4.162472299529922370e-01 -6.246314276270010790e-01
9.254189522449136618e-01 1.110259950894070258e-01
-5.489320662563810238e-01 5.470992308943745108e-02
8.315872108035315957e-01 1.883649245518157489e-01
-7.241259902307572993e-02 5.944789156378813555e-01
1.575600045715537023e+00 -7.990181476233937374e-01
-9.818912358169900756e+01 -1.320693249077827858e+01
-9.916211235992535933e+01 -3.185364528207903589e+01
-3.521838974570841163e-01 -4.371784146274702021e-01
-4.878662900395401891e+01 -7.334002530291888888e+01
-6.454074255974968644e-01 2.390461610305281148e-01
-4.701676384335024039e+01 -2.220658025073338493e+01
-6.469963342462342837e+01 2.876408995981705630e+00
-1.217366180291145099e+02 -2.648741876010564056e+01
-4.879784394694603833e+01 -3.886617824362502915e+00
-4.736833750967708312e+01 -3.748214480669687099e-01
-1.472992652760767385e+02 -1.963957109447042058e+02
-8.246602532549931475e-01 -3.594903388018662049e-01
-8.505817452895703124e-01 -1.046979197668469475e-01
-5.887762194591789289e+00 -1.474519235649088600e+01
-3.290093792658368876e+00 1.429172373391932283e+01
-1.003231500269285164e+02 7.106718683189820140e+00
-1.065481974288365592e+02 -2.185284029176030529e+01
3.438430449361868924e-01 8.261675061661442054e-01
-9.010138914441121472e-01 9.499761247382776386e-01
8.297149360037003873e-01 -9.817409379742403353e-01
3.418527234445278840e-01 8.832754120765229366e-02
-8.849179513777301054e-01 1.264915830919616901e+01
-2.234463609155152994e+02 -9.708804087401274785e+01
-7.551504494766025921e-01 2.452671504178633999e-01
4.648615837405678519e-01 3.885335430800769263e-01
6.422806949391746123e-01 8.583776676148731077e-01
-5.496366827993475201e-01 8.472580356158498915e-02
4.886017039310546206e-01 -4.696590325924063780e-01
-4.919239218190747387e-01 7.059129766145577634e-02
9.079186598587352108e-01 5.766589583238630468e-01
8.896456921117801286e-01 -1.358752631767372598e-01
6.859945538183092051e-01 1.397659800095663041e-01
7.066449055188439576e-01 -2.719709313136167150e-01
-7.950523935648148299e-01 9.528012189478483052e-01
1.916308254093788133e-01 -4.941227332212332346e-01
-1.975591840972334410e+02 -9.897070471648989098e+01
-1.979676970990232121e+02 -2.218740470399736182e+02
-1.979937141471147868e+02 -9.958246273863234421e+01
-2.392575668047605131e-01 2.265274469825786507e-01
-1.987798350841668196e+02 -2.477158613892920300e+02
-9.822838380496359267e-01 -3.020847243852693431e-01
1.446215883836781124e-01 7.796659999247508299e-01
-1.478633397214267404e+02 -1.474610296644131608e+02
-2.970247900159808410e+02 -2.525922621480168573e+02
-1.992084750802359281e+02 -1.732880263444914988e+02
-2.971010646619921545e+02 -1.473562038252296134e+02
-1.000131320127206038e+02 -1.491031172004410621e+02
1.793518575796368975e-01 -4.096454933497306605e-02
-6.357871066156728368e-01 2.864289244318025673e-01
-1.349366804907760411e+02 -1.479328888313395680e+02
-2.721570443402650312e+02 -1.914367754718301740e+02
-2.712958931008681134e+02 -3.368115567669087795e+02
-3.128410492955637778e+02 -2.460554796364830850e+02
-6.119624966186347770e-01 -2.768732392663972863e-01
2.691814293206737929e-01 -9.407864888704955408e-01
-9.554408691059941283e-01 -4.268421135444950831e-01
-9.862037728200625519e-01 9.693442844244759549e-02
-1.477002237355015382e+02 -1.827380563787709207e+02
-3.943429263090071117e+02 -3.331007876300789690e+02
-9.979698648229660130e-01 -4.531559840082262092e-01
6.142563484229774939e-01 5.732877610887840980e-01
-5.123852639100867634e-02 3.110512088146855092e-01
-8.382387552313579349e-01 6.719755683317474304e-01
-8.272278221340190196e-01 -1.878721969339050002e-01
-2.087112131769189887e+02 -1.620916423866225102e+02
5.244413311372184694e-01 9.521114134062180767e-01
2.065685819750284757e-02 -5.900240220887329468e-01
-8.759385602206049004e-01 -6.936455669203835939e-01
-4.492635689181263547e-01 4.590315784863885362e-01
7.392639344243572275e-01 -2.947409149127855343e-02
7.209545760080238175e-01 -3.811319036946823058e-01
-6.627599987068832910e-02 6.121986687613505396e-01
-8.486815191045684603e-01 -8.683842655596465399e-01
-2.823820671597638832e-01 9.869535217152958229e-01
6.712253896358815197e-01 5.444087728338886656e-02
-4.974354282500537128e-01 -1.314431853146158513e-01
-5.108160489533903892e-01 -1.608944657600455130e-01
9.764159961743634764e-01 4.130204660398937300e-01
-9.008861144844242386e-01 8.430993674043674169e-02
-4.131663964170988468e-01 -7.106273690943352150e-01
-1.147919360723981264e-02 2.920062469106949887e-01
-8.579410004974243886e-01 -2.919776762908914414e-01
2.747180155040047644e-01 -3.690826775241995428e-02
3.175363038597229792e-01 9.973409986879708811e-01
1.544767966251865410e-01 -4.404324652472568769e-01
5.114815871070943487e-01 8.158690794623593145e-01
-7.002761570563778015e-01 7.993879311346481220e-01
8.566381032967806952e-01 -1.034728714624484347e-01
-6.781883508804731342e-02 -1.241791589733667323e-01
1.180061080001539864e-01 7.605219204218740536e-01
-9.120309361885867716e-01 -2.398401498454305614e-01
2.204069156442844957e-02 2.362060344248073651e-01
6.004170799925798718e-01 -6.373737873230114204e-01
-6.598443913726916854e-01 -7.914135857584976286e-01
-7.103571422922585477e-01 -5.718154083030300150e-01
-5.926043051531668659e-01 8.676240323509265551e-02
-9.883222511192841786e-01 5.758975360053992798e-01
3.995772718535910428e-01 4.938429237058166166e-01
-4.619512884401522079e-01 -1.766985085444214842e-01
-5.830418860433446149e-01 5.327822073607539899e-01
-1.995426490988365664e-01 3.708975173658066726e-01
4.044699825782951397e-01 -3.327279907747504595e-01
9.262294290533725771e-01 6.627442154162932475e-02
-3.620656145993466080e-01 3.127831337841260329e-01
5.875323426605667532e-01 -5.797930634445966902e-01
3.362977275960721268e-01 -7.267236553722611347e-01
-9.723240110492552546e-01 -9.720132385951774090e-02
