-4.842863053331039058e-01 -8.252505594291423829e-01
-4.621424909870239794e-01 -8.087989098139478639e-01
-2.016261280894751096e-01 -3.812152758947660036e-01
-3.139220397709914234e-01 2.018387136859978170e-03
-6.366348201241220917e-01 9.883598284624270924e-01
-7.355987177901748275e-01 -6.013103998789217641e-01
2.866058388088710274e-02 -7.220068656315261624e-01
-2.526716908854014232e-01 5.803972285756759941e-01
-7.371747463579720883e-01 4.453361926941492577e-01
-5.411613306609841523e-02 5.816634693859761285e-01
3.902171998975478839e-01 -5.230549516136528965e-01
1.812917049336943975e-01 1.469129265329882639e-01
2.238104731780727885e-01 4.420046995734630002e-01
-3.956734259414840249e-01 8.092992970870911407e-01
6.363728560153487646e-01 7.884066658927773030e-01
6.273034008108444581e-01 -5.099266598092031533e-01
8.346697698075966620e-01 8.832568494911328116e-01
-3.547378370317928464e-01 8.173741986550184802e-01
9.757400769468433932e-01 8.542322808268927314e-01
4.356772403677555694e-01 7.750012023559238461e-01
-1.457839626110315479e-01 8.669531150945242182e-01
4.790758659514198214e-01 3.027082947153576509e-01
9.692391299388269932e-01 -2.874656684338052770e-01
7.762357294386870166e-01 -7.847261855780462980e-01
-3.363689853995861512e-01 -9.054338040686205069e-01
-7.718081050703866630e-01 -6.494043440068586470e-02
-9.653782984673120460e-02 -7.935004385160788765e-01
-8.135749891926140620e-01 1.463928354773786911e-01
4.691496385306057615e-01 -6.257621825656127790e-01
-4.054813349169485992e-01 5.518949691848651362e-02
-7.095149722314277874e-01 9.948522371318058166e-01
1.488112827267702443e-01 -3.887395027921147772e-02
9.926189196073964549e-01 2.683863301446178795e-01
-1.256846154695361317e-01 4.147903914675841186e-01
-3.188040268177876335e-01 -9.185630450447319628e-01
2.913147973323462203e-01 -7.363874100996250505e-01
-6.602379870391898997e-01 4.927457924958791313e-01
-1.974888835651409380e-01 4.107936004487822146e-01
4.686988748404274929e-01 -1.597051407793621536e-01
6.543973050866693786e-01 -5.171493371963076235e-01
-9.015602090719376793e-01 6.935563946700049609e-01
-2.284427119620131563e-01 -8.876834162387883254e-01
-1.393327433502109898e+02 -7.931374368998114210e-01
6.639426485947099721e-01 -1.178141578808571399e-01
-3.614259278118920893e-01 -7.033966346629252353e-01
-6.446459631515626398e-01 -9.755953850730603172e-02
-5.436535759227747455e-01 -9.118189610607669859e-01
9.802419682273215695e-01 8.340374583006175957e-01
-2.017631676959924789e+02 -2.835564747752140420e+02
9.542620613730059542e-01 6.175916273562533920e-01
-7.450374264142327618e-01 -2.033621073316566310e+02
-3.529299134657712944e-01 5.066010291977187663e-01
-4.765903312845451989e-01 2.565595478188735790e-01
-7.498905913306113113e-01 7.687695568813897040e-01
-2.761058667405607707e+02 -3.951759555382790268e+02
-2.482737364077096345e+02 -3.930689283286548061e+02
-3.034609038336092226e+02 -2.976259893664466745e+02
-1.982049803848752560e+02 -1.984797302122871656e+02
-9.709318933177946143e-02 7.587763922672994266e-01
1.320967435292874637e-01 7.624160426257076129e-01
7.899375354186946030e-01 -9.833855028988902625e-02
-9.922840798111859328e+01 -3.624075246854085997e-01
-9.766664008474783554e-01 -7.382905647590480847e-01
-9.936355271031423797e+01 -2.077638491614377525e-01
-1.001818803744503725e+02 -1.979721339439878989e+02
7.807960744281143839e-01 5.481365149390307057e-01
-9.863323750730108941e+01 -1.424682609836680491e-01
5.302077007620813465e-01 -1.686928187276921509e-01
9.667251651173640603e-01 -5.310037435014696161e-01
9.433584500599092593e-01 2.340714713317886275e-01
-9.996520925171641636e+01 -9.770428179269003977e+01
5.925429340050099025e-01 -8.100845905317408668e-01
5.038483566917484335e-01 -5.181044886035679475e-02
4.622038840144995220e-01 3.716417535277269923e-01
5.794862429281226746e-01 -7.333023361897796910e-01
-4.583370688235373080e-01 -4.973295286339260990e-01
9.686955486491697354e-01 4.306990313432665918e-01
-3.950296476702490622e-01 3.056117478071822546e-01
-8.601239733688974543e-01 -2.154274819899228977e-01
-2.547513092711393146e-01 -7.517174602294234287e-01
6.839285611195398129e-01 -1.054285994865338250e-01
-8.518368534089193478e-01 8.042306806079491110e-01
-6.612524615603625477e-01 -3.392310425078057801e-01
-1.823568060636437949e-02 9.830129920645847008e-01
-6.168951721114317621e+01 -1.463315736661832034e+02
-1.721777719756993719e+01 -2.276195358780565670e+01
-9.953760463090752353e+00 -1.048504340282244129e+02
3.104820683951410309e-01 8.542752134829016963e-01
-4.348069546273882757e-01 3.318695460329537106e-01
-6.438339307419915780e-01 -1.175739919192382299e-01
-8.710882568103639301e+01 -1.204034575528867066e+02
-1.518303564687395806e+02 -6.312331217672097949e+01
4.842281027481736544e+01 -9.732715509198141035e+01
9.995024396725078475e+01 -5.751041889511248062e-01
2.701848055814948246e-02 6.098816326254952180e-02
5.067690932828670114e-01 -8.370767724447383262e-01
-5.340533122531641030e-01 2.136977836340689940e+00
-1.006166884594953643e+02 8.281528746595443469e-01
2.654158496728993288e+00 -8.673057787398603669e-01
9.994738830198699020e+01 -9.712479974223255397e+01
-9.382725031082044254e-01 -4.639511509946220258e+01
8.737158820726451669e-01 4.444224811395756092e-01
-3.504724723953176468e-01 5.730898582467984781e-01
-3.776240205767746883e-01 6.568748639625412444e-01
-1.599625167426141914e-01 -8.021217165164746810e-01
1.566281307446927507e+00 -6.321218734179601118e-01
-4.788197110778892096e+01 -9.854028015901468507e+01
-7.705031462851263946e-01 -8.247453542519922465e-02
-5.751832648847043927e-01 4.779917888270057702e-02
-6.413276208721874205e-02 -2.392527503784036558e-01
-3.059218091636668468e-01 -8.612411481775776867e-01
5.866312958096775443e-01 -5.577043179932772432e-02
-4.004034811781820302e-01 2.039374880984401450e-02
-9.886560318260875224e-01 -4.716550599458186888e-01
3.534350646446169364e-01 6.150818547693421845e-01
-8.452996452231427149e-01 -1.155258281755664473e-01
4.291402438540301567e-01 3.314054336821516955e-01
1.566043998640007651e-01 6.590934325239388158e-01
-8.724358611115359263e-01 9.286656375421873388e-01
-5.900356337400329831e-01 4.258369681999174539e-01
-8.420181103196719974e+00 -5.629119422446089427e-01
-4.833504972081326123e-01 1.752834206481377333e-01
-5.571299589579647993e-02 9.625593892185666522e-01
9.991325278805136545e-01 9.583774585280444569e-01
-6.337427689351744498e-01 -8.294072330224611100e-02
-7.783051928812656506e-02 -1.722039808029367514e-01
-3.014122708168353171e+01 -3.848126921743703832e+01
9.965111198574566842e+00 -9.221824385848205186e-01
-6.781362142729983056e-01 5.246612822325334990e-01
9.915373863569706714e+01 -6.082027981464979138e-01
1.268504453474774696e-01 -9.966252719318975384e-01
-2.640602288921762852e-01 -5.590011936527825576e-01
-3.447064301290443389e-01 8.502097810926506627e-01
2.645073675014668613e-01 2.120455528376612442e-01
8.388140517526641027e-01 -2.499853588605047694e-01
9.992334507599517224e+01 7.333241162422554638e-02
-2.467204330136962831e-01 3.190115291961397315e-01
1.345075635602570596e-01 -2.266872470444261101e-01
-3.669918952413975255e-02 -5.022877045421119124e-01
-6.287795305181242966e-01 2.114949546443554151e-01
3.317499634866500902e-01 -6.540733432140559689e-01
2.160507703252648071e+00 3.022281961496560143e-01
8.918890099487029044e-01 -5.185537561374855553e-01
-9.668428420415968105e+01 -9.520373083942965664e-01
-6.219299992549185419e-01 -4.972557347112394055e-01
2.970647517215030398e-01 7.216794049019690238e-01
3.900132382915737494e-01 -7.183752116593677961e-01
-6.602784646124078005e-01 -9.710208766836054828e-01
-6.376751255976202959e-01 1.344031962739178354e-01
-8.887198579813562205e-01 -2.554602507535888023e-01
-7.338663356405195071e-01 -9.566895383048543700e-01
-2.817101979785374688e-02 6.767253940569442072e-01
4.715515671335555048e-01 -9.598157809093648130e-01
7.204952233841837028e-01 3.203345668213062325e-01
-9.423555187946270895e-01 -5.142652067999644583e-01
-7.898485024480761396e-02 2.422254299017478907e-02
5.064705408738481296e-01 -9.539820651197614687e-01
-4.704325846084433937e-01 -6.608264076988612512e-01
1.102194900473285610e-01 -3.162418017365977718e-01
-7.768835754592284815e-01 1.219290010285944970e-01
-5.152782940845594961e-01 -7.220016616641848906e-01
-9.426462528737971081e-01 -5.561229753154957045e-01
-6.618369054634929416e-01 9.766098070381157292e-02
-6.324613148267514973e-01 8.420375260586860922e-01
8.415281786260186969e-01 -9.920919924362903153e-02
-8.941422710887516612e-01 -9.619013096325295109e-01
8.724572889070025816e-01 7.191879186319025674e-01
-4.063445561987009125e-01 -2.534004344950000487e-01
1.277503121961285348e-01 -5.148253742799040467e-01
2.105367767718211436e-01 6.757753867507665380e-01
6.216397139359108870e-02 8.333725265408440386e-01
-5.426091037824209984e-02 9.175200276341428651e-01
-7.908616805195012311e-02 -2.176414801101007601e-01
-2.297952894741703833e-01 5.734260686256205108e-01
-7.807795718878263180e-02 7.832739399694295113e-01
-9.556478565268091696e-01 8.377760395764726198e-01
9.616131040911164440e-01 2.166668376493747772e-01
5.037112042834930303e-01 -6.049197718390704193e-01
-9.942861136482628037e-01 4.088472219432774946e-01
-6.855411469164962579e-01 6.935645490259816359e-01
-1.856535073916203427e-01 8.446476139002436767e-01
-5.143086605756901353e-01 4.212017377086694214e-01
1.921913716628820268e-01 -7.521004528609571693e-01
4.940731434243110787e-01 3.661052968950542219e-01
-8.456511049053390128e-01 -1.513952549631780720e-02
7.624342681375522179e-01 8.345491529819228926e-01
-4.117673796288128241e-01 -3.027381568169940085e-01
-5.480600726928417377e-01 4.330845328244328218e-01
1.184077827244589542e-01 -4.217115218878824123e-01
-9.900589509520072440e-01 7.848221564422308560e-02
-1.148559182660833233e-01 4.415745537670761056e-01
-3.993081587410640676e-01 -9.719477102860873963e-01
-2.513494773820899031e-01 5.002231046353560195e-01
-6.639744423174400723e-01 -5.739324507024294864e-01
-3.514759033336349869e-01 -6.753042790841456977e-02
8.190568346282680601e-01 -6.166557538489783052e-01
-7.138511071758704141e-01 -2.194855577374068556e-01
-1.952742426523672581e-01 -2.200703665654772934e-01
-4.160401981768326873e-01 -7.947777285105872558e-02
2.583917367173349522e-01 -6.527966758636916111e-02
1.415567508545003683e-01 3.818639979102205206e-01
-1.647662112975563087e-01 9.981604020389209797e-01
-4.306703346278011324e-01 -4.807354146252118543e-01
-7.150488156644136950e-01 6.931514386993891108e-01
-5.191893372246643157e-01 -1.567088845309119183e-01
6.884167224659885065e-01 -7.695090734915983610e-01
6.942368746300442428e-01 1.303494301101315589e-01
1.656642938639785179e-02 -7.350683032835436670e-01
6.928724969648023535e-01 9.659411287158061743e-01
-3.365135075644880569e-01 8.392768695270969026e-01
2.386438621659630055e-01 5.041365054595221551e-01
-1.228785910555210137e-01 -5.721184447031888443e-01
5.006021878823416760e-01 -1.220466074452588590e-01
-3.698975111745117506e-01 2.939105393699017466e-01
4.242242228052648390e-01 -7.060059439314616547e-01
-2.241679034521946168e-01 -9.999475136637423489e-01
-2.160195412478536081e-01 -6.397459747582061595e-01
4.637861564953293936e-01 -7.730388162951884468e-01
9.790011480221005868e-02 -2.451115184923706725e-01
-4.726175972470381126e-01 3.527920260927817075e-01
3.554179104957877477e-02 -5.117968815078961509e-01
-5.611545002655342618e-01 1.969286831484204914e-01
8.157420642429757951e-01 -3.269960799094970838e-01
7.488849683589600126e-01 4.085237814843247772e-01
-2.500101278629469626e-01 5.725006313419187531e-01
-7.253075655884988482e-01 7.655108447782565939e-02
-5.293184549060625521e-02 -2.558760265078796614e-02
5.864556692376925451e-01 -4.532240858254565907e-01
5.617821780764182815e-01 -3.647295610545544520e-01
8.457535987864124305e-01 -3.238793279630041155e-01
3.058621436797603899e-01 2.486382067770696036e-01
-2.524028859784666068e-02 -7.874395375558871368e-01
-2.170657836055842616e-01 3.077280440223124636e-01
5.813376931653932989e-01 -6.007140079881285732e-01
8.219614302006017503e-02 -7.014664900809439718e-01
-7.546383175609630012e-01 -6.503318959061823445e-01
-2.481442390544825738e-01 -4.940868214555176330e-01
-6.176589509913827936e-01 6.186992568364990674e-02
5.611330606488622585e-01 4.923106605593077223e-01
3.163806299681273249e-01 2.969811520133918137e-01
9.328973237185063105e-01 -1.247607267829649036e-01
-9.674115916742103138e-01 -8.920906370674617225e-01
2.327793214225812868e-01 -2.414673637628086400e-01
-4.463116937082309832e-01 2.365635574449318490e-01
4.879224553486483096e-02 3.657145587052446079e-01
-4.868527681822991671e-01 9.631813714147228200e-01
-6.362233779771089281e-01 5.552170130583777841e-01
9.193067789208917429e-01 -2.701761936456397173e-01
7.380237627304435666e-01 5.900101521210918687e-01
2.297740591578862901e-01 3.884111741981262078e-01
6.019546283281522747e-01 4.031416005060080021e-01
7.903102542828790433e-01 6.999926843975661228e-01
-6.724296525561681559e-01 -3.877059232031491831e+01
8.885347797033849027e-02 -5.644549170084265377e-01
2.894656624143354673e-01 -5.989249951479060918e-01
-6.634071073721252709e-01 3.921285268167395976e-01
3.676536100416298858e-01 9.258316663608237018e-01
1.436291054751159812e-02 -3.548367816919528739e-01
-1.847207452364128244e+02 -1.398131622437087174e+02
5.262749320003414777e-01 4.958981950071390532e-01
7.352230938230990276e+00 -6.416293762671183565e-01
-8.398815004961133202e-01 -1.497098424660239235e-01
-6.815357347970303348e-01 -6.727203872583524813e-01
1.744805855748350343e-01 -8.145851302922786363e-01
-3.097958096600096951e+02 -3.352089218917814151e+02
-2.235936362443637222e+02 -1.962537950672825957e+02
-8.797243364744845451e+01 -2.455196137132463363e+01
-9.887946208830467754e+01 -5.311964743193735572e-01
8.556386255362038451e-01 -5.413520532011684150e-01
5.653923866838663770e-01 8.910819375248755225e-01
-2.060967748426632511e+02 -1.339668931698915344e+02
-6.103675352592115644e+01 -1.542894550508755458e-02
-5.240301874790109338e+01 -2.528249916038868719e+02
-1.813045074467393292e+01 -2.459107539713716619e+02
5.136995793321403880e-01 1.986604723705378550e-01
-3.434954173641868724e-01 9.222355407854587739e-01
9.572974639084954607e-01 3.986492338345397624e-01
-2.097996970011193341e-01 2.550691013759154302e-02
4.188509001287947786e-01 -8.508800367649511642e-01
-4.439979705084171613e-01 5.574672985463069441e-01
1.571108004147877268e-01 -9.953652485496139946e+01
-9.867010577043875230e+01 -8.087679053251259909e-01
-6.558211222761998194e-01 3.403837793154791402e-01
4.292864928628459253e-02 -6.242921225127480156e-01
-2.116252030636198711e-01 -8.236703544502119723e-01
-2.875651658398579169e-01 -7.636577071634564895e-01
5.604588943366495268e-01 -3.671538213642075998e-01
9.585509729695036452e-01 -1.992438812839611995e-01
-3.192756209251086386e-01 -2.643130544816765237e-01
-5.135381998918584490e-01 -3.708617977130934662e-02
2.893706557024839920e-01 -9.330863174945016603e-01
5.719679153440071495e-02 2.450843824792854342e-01
9.548572548545348759e-01 -5.563858999891135859e-01
-8.352010310424304862e-01 -3.916889725787249255e-01
-6.271586670800913055e+01 -8.091125866952971535e+01
-8.296231664144613216e-01 -1.472366924257255683e-01
-8.029980763558124401e-01 2.473515134344192390e+01
2.206361813888200185e-01 -9.486995650484195686e-01
4.584131020912873833e-01 -9.060935928390141392e-01
-1.209853794693513951e-01 -2.854106524567674441e-01
-9.320240460645267433e+01 -2.044841896805787940e+02
-2.070561825579773796e+01 -1.584770406245349363e+02
4.092782235019441828e+01 -8.113040854429696580e+00
-2.038472896580376670e-01 -1.791323389643265784e+01
4.996778350786341694e-01 4.423236454464922751e-01
-5.968687764940656670e-01 6.211604105251877783e-02
-8.142356619214631053e+01 -1.517782536064770795e+02
-1.872875297335764699e+01 -7.003775856761957641e+01
9.973161980491090617e+01 -4.546991252198512967e+01
9.995081820603050460e+01 -4.661940547480872965e+01
-8.333654181737919497e-01 3.132909387814383440e+00
-1.057698689821240379e-01 -7.998707674258325184e-01
8.741995006549139191e-01 6.016858588955824594e-01
3.534851611499136848e-01 -2.401908515878641293e-01
2.010088777847176544e-01 -9.011241319631979607e-01
9.994883193297894763e+01 5.143755198323491928e-01
-8.448061416158703096e-02 4.331205657686788335e+00
1.912356319357242151e+00 7.538787221855904885e-01
1.019550375769033845e-01 2.011126538103906736e-01
-3.007373931179120330e-01 2.651462554042074427e-01
-7.277825845213057310e-01 5.276837028960004172e-01
-1.010903203734210276e-01 6.280155982144951521e-01
2.122829499944038467e+00 -6.593234519710584607e-01
4.876448549852530512e+00 -6.659845553930821005e-02
8.924073180735589972e-01 2.521758199809529533e-01
7.043233823636496638e-02 -6.609576818903524220e-01
-4.088454555836922300e-01 -6.537552528389098949e-01
-2.962565783295623145e-01 8.017040853486510077e-01
2.296069692651840910e-01 3.463868588842564655e-01
2.632046099222515867e-01 -3.110288896196984343e-01
-6.416005782938620783e-01 6.363009874135603372e-01
-4.860894357128455745e-01 -5.952305630653114132e-01
-4.561618231364985565e-01 5.928765347176012668e-01
1.084392169251713334e-02 -2.324796744930281989e-01
8.936703245411203866e-01 -1.972204558275640895e-01
-4.861132532318159782e-01 7.249322349175872926e-01
-7.074608910721684651e+01 -1.206651850219225963e+02
-1.465303180393122062e+01 -4.471986278847201390e+01
3.680694754010970371e+01 -9.161851543380978846e-01
-3.164889318256693951e-01 1.983228844047961736e-01
8.471416583087121310e-01 -8.841855516716377039e-01
-6.162711402803691119e-01 -7.887436616573377801e-01
-5.766851231787642718e+01 -4.795566866214296908e+01
1.996542215451557567e+01 -5.794833432460106337e+01
-6.530959145829726697e-01 6.848179816839797240e+01
3.920428451845805284e+01 9.994410303237964399e+01
7.690208953487538412e-01 6.543264746246195696e-01
7.078162145527580051e-01 2.283313744371784360e-02
7.323049592200401303e-01 6.855634454887586937e-01
-6.317706797200806079e-02 -8.579223376258140465e-01
3.039049156387343231e+01 -4.077602742633616995e-01
-6.423669784638088576e-01 9.994001277376230519e+01
5.738925132601332635e+00 -7.217909527424568594e-01
-8.219194175155442039e-01 5.841971146256002001e-01
6.921656868240528837e-01 8.515548566617716642e-01
8.098923282703078819e-01 -3.194291351910143462e-01
9.269754863138155443e-01 8.565226461091590693e-02
-9.112467014113101449e-01 1.692290972028418716e+00
4.952442839024601362e+00 9.609398260626322852e-02
-9.796039583427776165e+01 3.079070670198878368e+00
-9.894976973074276483e-01 3.615491889871613740e-01
-1.067793769106875068e-01 4.776606293496239442e-01
1.592423036444816642e-01 -1.579885181186146959e-01
-6.607801929639409710e-01 2.752947310522688706e-01
-9.666828646125151803e-01 5.151993917215342833e-01
7.936181149483299002e-01 -5.802280062764557655e-01
5.937327721571152850e-01 -2.663007296803441282e-01
4.096589379698594158e-01 -6.080780460528281139e-01
1.594555639422696736e-01 -3.714545097258750150e-01
-6.652091536411557371e-01 -5.510856452995072097e-02
5.104526837454046451e-01 -9.115774075897609130e-02
-4.903077643642861361e-02 7.280146192096790259e-01
9.735465280776753882e-01 4.617208927110127981e-02
2.610523358376500980e+01 -3.331695093983355616e-01
-8.034447045773425167e-01 5.719395829434202660e+00
9.096846358562775681e-01 6.524886192731964574e-01
-3.100151632177730043e-01 2.768369898979101684e-01
-2.383500881399411853e-01 7.418075330022981806e-01
2.908488693303354911e-01 7.035789488736634567e-01
-9.627782304026499816e-03 -7.624287042501405320e-01
8.262977971348162143e-02 1.500507954006987532e+01
1.755131900995732241e-01 4.214172264256559330e-01
9.670839686580952055e-01 -9.018325984064874401e-01
-5.138836539471280940e-01 7.700388885930831151e-01
5.286814046964358749e-01 9.992339568780430614e-01
1.979654037206504125e-01 -3.677415000305470638e-01
2.537673717875962609e+01 -2.481592988664818034e-01
-2.466673772514917928e-01 9.354209586164717649e+00
2.610920324445637597e+00 -7.456309644035108430e-01
-6.296021095143338187e-01 7.458377040675090441e-02
4.032748638098000438e-01 9.749430496927269374e-02
5.557984070872321603e-01 3.341762950824465062e-01
-2.543787831959820611e-01 1.911514258589086523e-01
5.022172446910166954e-03 -2.336992154070425265e-01
8.061704315337672178e-01 7.271342169330692329e-01
-9.612485757376232343e-01 1.327052734925194599e+00
4.573905902800028400e-01 -7.670108891699960463e-01
8.922380318545455324e-01 -5.199257363855611658e-01
-2.094898772777131768e-02 -3.441792336776163808e-01
9.847106175692421637e-02 -6.869825428194640260e-01
-4.099435848083421430e-01 -5.055607922142291155e-01
2.380566482169244047e-02 4.697133443166101596e-01
9.541588063164232469e-01 -3.471036018163351500e-01
5.548092039934320319e-01 -4.254436919007373863e-01
-5.890489530872349278e-01 -2.533855586140809635e-01
-3.526923537068176184e-01 6.407041989010278105e-01
2.507762954020675839e-01 -5.455293749670053760e-01
7.774268394302685792e-01 8.657002703981442338e-02
9.438075328388340068e-02 -9.917874629766039174e-01
5.237490239598625585e-01 6.321187216960719724e-01
7.332312535459515335e-01 -4.824022656200011028e-02
-4.659561096889794918e-01 3.500593332149799508e-01
6.796583679344121443e-01 -2.025467388535990843e-01
-9.613185178621701521e-01 3.457095487652370736e-01
-4.214142208952862401e-01 6.184870912734239390e-01
7.420992928580341097e-01 2.596957430670554512e-01
3.471551017398277761e-01 -3.416672347940583609e-01
-2.200480385773275760e-01 5.355457413726936178e-01
4.725642663732139148e-01 -4.796812539174382106e-01
-3.336556438058495555e-01 -9.203232321288405959e-01
5.713870950579900132e-01 7.871365562812255856e-01
-1.106605647295579864e-01 7.272890183924396457e-01
-9.121588777223643696e-01 -5.396056655978689331e-01
6.013458245445129080e-01 -1.367040130385830388e-01
4.555633088172403866e-01 -6.824871993933012693e-01
-8.965941436510469487e-01 5.710256205669128615e-01
5.613416671891069409e-01 -5.865045708925975543e-01
-1.589215552797527131e-01 9.594700615408016109e-01
4.741291229283106645e-01 8.693170803741654407e-01
-3.292928198825975095e-01 3.057499080670134095e-01
-1.944934930525992201e-01 6.410460107507101046e-01
2.154071092326657055e-01 1.889654471591868390e-01
-8.036086483305131534e-01 -8.775463437362494012e-01
-5.171192340432786416e-01 3.263840405370577180e-02
2.723462730192380832e-01 8.440462518949025661e-01
4.645681314564458209e-01 2.934787203222599672e-01
7.789518604330170071e-01 5.218280174269034344e-01
6.013034249684310328e-01 8.974509450545071765e-01
8.620107771077609726e-01 1.249083697591175657e-01
1.853925234642863629e-01 2.746094053046093109e-01
-7.089992919170950980e-01 -6.444320324825265622e-01
-3.152375980131714162e-01 -5.466177014485440466e-02
7.646506449151417861e-01 9.517472590838504942e-02
9.028619434536511168e-01 4.158736104506812747e-01
-4.281041966657372910e-01 7.110566948919305741e-01
-3.520992609936715034e-01 9.781671386771282339e-01
-9.605627791282769223e-01 -3.328553470147639359e-01
4.099153413079776875e-01 -8.982885392491934962e-01
3.374603283266197629e-02 1.979449917900339972e-01
-7.078781005317864583e-01 1.870554415944483129e-01
-9.915985052417941592e-01 -3.426981416758707599e-01
-7.434981308852481874e-01 5.141105713419333867e-01
3.506724478606855211e-01 6.195834642690378757e-02
9.664223273699033001e-01 3.948188630681135347e-01
-5.242063169578321524e-01 2.242130133360615840e-01
9.322399939661973889e-01 8.559524322747149583e-01
-9.619540031195723540e-01 3.600278598967623367e-01
8.723172711087223696e-01 -8.169416218946585762e-01
6.986688164273942014e-01 5.584312601026497624e-02
3.884933202931910579e-01 4.877092379557401713e-02
-5.946470597610502562e-01 -8.917689415008536180e-01
-7.572755592345159492e-01 2.012059983467673341e-01
-8.524104895019013473e-01 7.684059518423325130e-03
2.689156378852322060e-01 -6.940670820631569260e-01
-6.059507887093114054e-01 9.175596501643079606e-01
-6.151269940543824255e-01 -5.793151430867233831e-01
1.504851895465633138e-01 -2.693198706657091712e-01
-9.406184873512666300e-01 5.022856726029469865e-01
-3.753470784152310724e-01 1.113681797070254831e+00
5.220913083649958430e-02 -2.145414325500372144e-01
-2.796219320263142460e-01 5.984088559645146521e-01
-4.346430761408770493e-01 1.368192599066035964e-01
-3.611859266179944239e-01 -2.735962354636192195e-01
-2.797571012981148186e-02 9.722121164594814680e-01
-6.826743181243611502e+01 -2.603861852666748291e+02
1.896873839803887574e+00 9.314331928964203478e-02
-8.774118681107983875e+00 -9.224076364151392227e+01
-6.240153054816266476e-02 5.250225228353568863e-01
-9.544476833739863331e-01 5.181574831764688138e-01
-3.510369831643038729e-01 -3.887006801930161792e-01
-2.754938977107825053e+02 -1.883763210704795767e+02
1.150984211760391007e+00 -2.435045379999219151e+01
1.522191064543326711e+01 -9.862215101178263410e+01
4.523876709671617924e+00 -3.511799203213842446e+01
-4.092444181836103478e-01 9.178210584716111065e-01
6.098107675929520521e-01 -2.919102937044000257e-01
9.619365185870700774e-01 8.691315724642947327e-01
-8.139736112765803000e-01 7.796045332701402319e-01
5.072368912118883522e+00 -7.780361948777494430e-01
4.873012573167913253e+00 -2.264648888288398609e+01
2.645085963757665137e-01 4.693156319231843732e-01
5.859220144528485275e-01 -6.148058429559881688e-01
-8.822736861256521568e-01 1.062759025005282076e-01
-5.916795801375507313e-01 -8.689335341097303989e-01
-1.229473184074580949e-02 -6.387488772262217562e-01
-6.181355902039207262e-01 2.472617325425860990e-01
-5.107245038840413365e-01 -1.000801760746049496e+02
-4.528916432551506333e-01 1.048421073964649342e+00
5.037490210456039286e-01 -2.386473672799329648e-01
-4.247206881719600702e-01 -6.769207424584113841e-01
8.653784952562915134e-01 -2.853084450384062443e-01
6.214168034407192565e-01 5.115323904758541929e-01
-6.834775360766671692e-01 5.863121952271181936e-01
-8.844069456584062738e-01 -3.825593304236976078e-01
-1.001682428087612209e+01 -4.965373524042777831e+01
7.251764961669678655e+00 1.761738222022568578e-01
8.214353572970423123e-02 5.584934118441888806e-01
-9.920349252546289964e-01 3.501789838627491491e-01
-9.492982336315343161e-01 -8.523699948566780815e-01
7.397869856155263601e-01 6.718599845571475715e-01
-2.025164702549905371e+02 -1.093035318437034391e+02
-1.122642837051438036e+01 -9.515336056165688206e+01
2.041476976484131711e+01 -3.087727681799745483e+01
5.563792598368788589e-01 -3.120331939063663018e-01
7.759244460811154376e-01 6.260215673532476544e-02
7.904285371196542176e-01 3.737620104595087422e-01
-6.928307941059503605e+01 -1.844633738806144265e+02
-2.400665243873883981e+01 -9.210525538216916175e+01
9.987304926128096838e+01 1.453742176297442512e+01
9.994717477215131396e+01 5.871749370718691097e+01
-4.772960375149748469e-01 2.825375629014130752e-01
2.226926697252027409e-01 -3.781458941655968520e-01
-5.375614457806463520e+00 -9.913036417793654742e-01
1.482950815718276694e+01 -1.201296612128065266e+00
2.624004710774998372e+01 9.984231607846501788e+01
9.994875834851201546e+01 8.722407726745842638e+00
-9.057384007115474311e-01 5.160160898494987158e+00
1.944074508463136119e-01 9.637900827407026583e-01
1.417524847187843218e-01 5.978947146493427400e-01
-4.343149595361808224e-01 2.789346372182339717e-01
2.635447903249770185e-01 -8.313929318125981016e-01
9.601422591946223406e+01 -6.535068299893196375e-01
-5.698910639172112269e-01 4.653230923723743473e+00
-4.517470360624586956e-01 -9.674198909093544785e+01
-1.882501337768525129e-01 -7.545239376780947804e-01
2.366526103394452907e-01 -7.855443085611619747e-01
4.954879033383319253e-01 9.515824551804747955e-01
-9.682021253192407695e-01 2.796408070251950040e-01
-9.519658651100530999e-01 -8.955672035418953403e-01
2.476609414465302805e+00 -8.923191798227501081e-01
8.523469501562102035e-01 -9.346681045268232513e-01
3.265811347410429999e-01 -1.568919603540614993e-01
9.088997261897799884e-01 4.491323667216091664e-01
-8.667103148176347194e-01 3.454808275088878666e-01
-2.800334098109229508e-01 -1.750701984992542037e-01
-9.286796639863961200e-01 4.294656965949745775e-01
-2.301065772959320839e+02 -8.053317190803107906e+01
-1.795138432863709355e+01 -1.536692957861774289e+01
-2.345887690971657946e+01 3.496831209550050801e+01
-3.549620549278280635e-01 -4.629106227561174958e-01
4.447200387142680178e-02 3.100679002874806578e-02
5.518931363047219207e-01 -4.993362826267475629e-01
-1.249069560190736183e+02 -7.270319314916444853e+01
-7.282553891593700257e+01 -1.264282777633552257e+01
9.995119864311436686e+01 4.931759117597911057e+01
9.993988729797118253e+01 5.230340643358555042e+01
6.050594166513847405e-01 3.701738632031630338e-01
3.211408844829639619e-01 8.055440750974078856e-01
-4.174960415148474624e+01 -3.703515973599971289e+01
-7.449793690912560606e-01 -1.050154856430323846e+01
9.994773046413799023e+01 9.548443012998413337e+01
7.763408768947437011e+01 9.994144836373308749e+01
-1.995549106637488634e-01 1.663513168073023962e+01
-8.158553076398256110e-01 8.465440687254277563e-01
-8.257195746174423867e-01 7.663530123011548234e-01
-4.942118668505159906e-01 8.541645862894593488e-01
2.063304582949456734e-01 -7.977510549713693333e-01
9.771046395037184595e+01 -5.798460105859446490e-01
-9.796270727611371854e+00 4.756088418538339191e+00
-3.681130144917112545e+01 5.396315856987399240e-01
4.071136893596813966e-01 6.445777631906146610e-02
-2.710534121270458119e-01 -8.494314620790499593e-01
8.304979921584627611e-01 8.144670625996730529e-02
3.137138667425531935e-02 5.555930055156577119e-01
1.592213270937254421e+01 -9.760970357924942942e-01
-2.645900300476167644e+01 1.705850839947274933e+00
-4.026469446309812739e-01 7.833124221807188370e-01
8.783918313135217204e-01 -8.229247324181327983e-01
-3.984082443261534046e-01 -5.410391581143105810e-01
-4.130946942743360939e-01 4.354463047151269084e-01
-7.370959249880135733e-01 2.555030400075499752e-01
-8.818149214758870258e-01 5.949158527100930627e-01
-3.577285333319772942e-01 -5.860137853370033234e-01
-6.590607036240065941e-01 -3.096963065200657450e-01
-7.244603779287901446e-01 -3.137457370610463592e-01
-1.659148749554613111e-01 -3.259637707002249751e-01
6.631325861740797745e-01 -2.573433576820336466e-01
8.467805639696897035e-01 -9.057549604551611289e-01
-2.271085336413274192e+01 4.146448481186080226e-01
-8.903465647802386584e-01 -5.827778883586484326e+00
-5.775629120113938697e-01 1.397148682693081589e+01
1.440573654968659856e-01 6.259439171627356746e-01
-4.525187991314860714e-01 3.434762982969299383e-01
-7.099009685285961879e-02 -3.954690307313037945e-01
1.653923989100158920e+00 -4.585664716192920931e-01
-3.082549051739573720e-01 1.291084722769453741e+01
-2.220852528234295065e+01 2.642775090193283560e+01
-4.193008145027599110e-01 2.652509266836547397e+01
-7.131611356209099917e-02 2.419116511972656536e-01
-2.143956049065391944e-01 4.574917791183339411e-01
2.372396444286120065e-01 -5.535433742260500445e-01
-4.974430561495242209e-01 8.710307941651436181e-01
-8.353300596889927654e-01 9.728321217431659118e-01
-1.092036378942051655e+01 5.813790514225882333e+00
-5.281094027906700905e-01 1.502683418023451800e+01
-4.872329700507509465e-01 1.349222613666859250e+00
2.995775394869211183e-01 -6.516521541235458237e-01
1.114545826920128047e-01 4.408897056305696172e-01
8.662787870006338764e-02 6.254642406586212733e-01
7.159275324214331437e-01 4.076143931423075184e-01
5.251667874182683882e-01 -6.620787029418655489e-01
5.362445589207309737e-01 4.999373806063197812e+00
-3.645307345332424731e-01 9.896281992536231087e-01
-4.474778281219868870e-01 -1.845938091725951580e-01
-7.283958161689578770e-01 -1.869285029714453650e-01
4.476621853392375172e-01 9.144647395239953180e-01
-6.273671934304974052e-01 3.738658793705660344e-01
-5.185052956514948352e-01 -9.121389135403714654e-01
8.595144133918788398e-01 5.459685260990250200e-01
2.012382955099314419e-01 8.473074756693366183e-02
4.667036213696436064e-01 -9.692963892938100123e-02
-8.651358328940172981e-02 -5.526887455545947958e-02
3.583847471414047803e-03 2.453421010842995464e-01
6.486161112894794911e-02 -2.085521597851247577e-02
-3.642419899660840343e-01 2.864610644928233807e-01
-3.032768982656028900e-01 3.889334052236053108e-01
4.682528648412618288e-01 9.923235183082552702e-01
-5.113872321378489794e-01 9.162631036109976090e-01
6.670292864028395385e-01 1.297201491013246777e-01
8.246067897293305471e-01 3.442803618074348204e-01
-1.005461939942380312e-01 -9.932263923666877492e-01
6.486460886193721187e-01 -4.590444102262800641e-01
-1.854535192783515196e-01 7.961972688780420970e-01
9.626190058480916800e-01 -6.146540989844218039e-01
-5.909619279794005031e-01 2.391748090739111987e-01
-3.461664225262928163e-01 6.288787128600685783e-01
-7.361908544375113106e-01 -4.443897995940793155e-01
-7.074942577339049521e-02 -9.352332023633167513e-01
-7.290756073325157516e-01 6.407035508338592145e-01
-3.852828501545686457e-01 -6.595094141177941793e-01
-5.134940185672884905e-01 1.535998288288304980e-01
4.792466726929831555e-01 1.647390052719952536e-01
-3.702807255439073408e-01 1.685871026461887023e-01
-7.098683648434200855e-01 -5.612597179227447608e-01
-2.473004989459686165e-01 -4.433622947596798092e-01
6.142610398746883860e-01 5.390501326204690802e-01
9.380412838778358076e-01 8.737813348325220719e-01
3.640301675043051688e-01 -6.167513076303374753e-01
-1.422011251040049551e-01 -1.529346746294995008e-01
5.067376381862185308e-01 -2.503705048905320307e-01
9.456072888732638404e-01 -5.465910241854787799e-02
-1.197802256482438654e-01 -3.742701859007357967e-01
-7.402433589755252896e-02 3.993110795644703170e-01
-5.922659786851434127e-01 -1.911825132352460432e-01
2.945536345466805983e-01 -2.340877076734826367e-01
-1.574123982481479000e-01 -4.381499564129776036e-01
7.917379594437372603e-01 8.588471778486337360e-01
-5.318306494244340321e-01 -4.027674026872656299e-01
4.402484903840251373e-01 7.661611735000564138e-01
3.033746216535948559e-01 5.874626268237737037e-01
5.967966845061107861e-01 1.865905000190188900e-01
-2.677440136653774783e-01 6.427193696841482229e-02
-1.754966610577459729e-01 3.384495669214331315e-01
2.710310042765955441e-01 6.307592349702195733e-02
-6.919183798851973322e-01 9.511407885433418308e-01
6.151988982927250049e-01 -1.570786919455360309e-01
2.362668573922817039e-01 -9.720295255504503018e-01
-2.463057958146364079e-01 5.243157239880746889e-01
-6.264507126429623707e-01 -7.052617506248093360e-01
-2.092742066574999615e-01 7.706101956405935205e-01
-1.007154593843093693e-01 8.661115057014681096e-01
4.843225383948357443e-01 -5.439045860313611591e-01
2.097914446541087052e-01 7.753890177898679070e-01
2.277880744523037571e-01 -9.164835774507849031e-01
4.268893707540108995e-01 -9.580978382984468578e-01
-9.330305181661937564e-01 -8.702239535716285168e-01
-7.268943093254103260e-01 1.988958619382916737e-01
1.404345702796596651e-01 -2.851635218350612178e-02
3.903775382995311460e-01 -2.176353848301568750e-01
-6.646813679022953725e-01 2.026318554612249745e-01
-9.591046606009487885e-01 -7.718802037894170187e-01
-8.585873904968392978e-01 -1.327614543580641904e-01
1.537441991250585449e-01 -3.781423305354367770e-01
-9.568280952045040699e-01 -8.910934322452011003e-01
-8.289719174671398605e+01 -1.162913175666639631e+02
5.927387094268352641e-01 -8.158840997889797997e-01
-3.710788749540940845e-01 -6.183875071683955227e-01
3.742536279346857508e-01 2.771453417726723600e-01
-5.302034592841229355e-01 1.388830393965534427e-03
-1.806618815088916197e-01 -3.911917591650921899e-01
-1.753485758987639542e+02 -1.340277666942651535e+02
1.709785959853408421e+00 3.145256652664476515e-01
3.430726943543200491e+01 -2.343267533177399642e+01
-2.705696429316200025e-01 1.745652377797512500e+01
-7.149145664825695690e-02 -8.792902780741613800e-01
-9.881076296604043296e-01 -4.942774794113771186e-01
-3.331905295273692502e+01 -4.118474251710559031e+01
1.848394150080105991e-01 -1.565651073209747146e+01
2.891952516520213834e+01 -1.236571494550448591e+01
4.805081177505184087e+01 4.658359376232910076e-01
-9.451902022067275588e-01 -4.999497068776921349e-01
1.594436379276438220e-01 7.182333733144630195e-02
-9.679224586228425409e-01 -9.087968954414704648e-01
-4.460932545686708828e-01 -2.996215372628532325e-01
6.957917159286735043e-01 -3.100610277993116615e-01
3.364788110620191564e-01 6.811483346428273133e-01
4.744485223121315265e-01 -7.177593394597800991e-01
1.013660819050072881e-01 1.729057295323859211e-01
2.686655026603257390e-01 -6.109858285342464335e-01
-1.633283108829006736e-01 -2.348694898616876525e-01
-1.175679086346694824e-01 3.753753713535576964e-01
-8.769709647116890050e-01 6.598764950535889184e-01
5.602117734153282402e-01 -3.573157027322415580e-01
1.997678057731657741e-01 -4.427088390063695922e-01
3.372073060169349379e-01 6.113832680824808907e-01
4.163892367010280093e-01 4.132951680363989855e-01
6.983287104506585852e-01 8.512809029704042629e-01
-7.281015056881949832e-01 -1.464876113155597626e-01
7.093113028825703825e-01 3.497441723229433030e-02
-6.095445924854476782e-01 6.676296725840447088e-02
-9.127074522949564539e+01 -1.787279149877255406e+02
-6.184630107071040772e-01 -7.573315574033741449e+00
8.165807642667046728e-01 -9.020147121944919189e-01
8.508641611857226117e-02 6.468007030420142023e-02
-8.878252016054886120e-01 -5.278052395742480751e-01
7.947659790064864893e-01 -2.432377020521332422e-01
-2.321350581125846304e+02 -6.906650734131665104e+01
-2.013631371756573429e+01 -5.930631853942229981e+01
4.410584823021571310e+01 -8.437752250757876382e+00
4.805379997203624853e+00 -8.666760272920150943e-01
1.749106733428149596e-01 -2.710370272944084835e-01
-5.159760858141362316e-01 5.165661469281994655e-01
-7.637112650760269617e+01 -1.136712638781957878e+02
-3.049316104777596337e+01 -5.545977786141512667e+01
9.994461891584202817e+01 -1.501053776665952455e+01
9.994204968596069705e+01 9.149361578508595017e+01
-3.632714680313364752e-02 1.521855452742084003e+00
-1.742702891763494577e-01 -1.061980499947914325e-01
-6.611043769916753465e-01 -5.883962957482136158e-01
3.733103867008236154e-01 2.051489514929951952e+01
-7.543640765961041605e-01 9.980046872289857163e+01
1.570958405134513214e+01 9.995132048626740584e+01
-2.054458748321559280e-01 4.641703402302277404e+00
5.499008864662493501e-01 -1.210449087856013684e-01
-5.619733442021512815e-02 9.982996023138441810e-01
2.257052622439856826e-01 -5.640251040124983906e-01
-8.733826984569192931e-02 2.605186651694766375e-01
-1.846161655599576346e-01 -9.633789294322470109e-01
-3.532437015517260193e-01 -6.462720566432558211e-01
3.852438827495192619e-01 -2.565556761243636963e-01
-7.316500311280635938e-01 2.267419275331250539e-01
-2.056250208255692158e-01 -3.879944981841099150e-02
-2.189262849153632562e-01 -6.006605302819667536e-02
2.661567416278050047e-01 6.797171694171668666e-01
9.976051678458031091e-01 -5.204867562081105792e-01
-9.724177007625207647e-01 -8.154640897616198814e-01
2.768596708639412540e-01 -1.264479635754372211e+01
5.718511706580602372e-01 -7.394422496584527327e-01
6.038028691173813467e-01 9.667549248064077894e-02
2.937151334260015290e-01 -1.427860646081609008e-01
5.846409060048354256e-01 9.972014935761346344e-01
9.569218207815499699e-01 7.691241833841486741e-01
-1.998839476945029219e+02 -8.598410533870088557e+01
-1.185480194563785119e+02 -3.186429966306867922e-01
-2.398885715672194330e-02 5.221906299091141790e+01
-8.505816140306496909e-01 -6.029307901875755604e-01
-6.886807394949163719e-01 -3.543313500639913016e-01
-3.016518177440803417e-01 4.039465215591906411e-01
-1.694096294431010392e+02 -8.188568815729804840e+01
-1.075266047475420521e+02 -3.623339775770247684e+00
9.943580212145249675e+01 9.994790450360679301e+01
9.120677739869218215e+01 9.994126259082027275e+01
2.403069485947373352e-02 3.796405697406737278e-01
9.183083481658949054e-01 -3.618119474644891920e-01
-1.441207979699134611e+01 1.100581271012345042e+01
-7.730145411947975109e-01 -9.773600896147078831e-01
6.893404432933067483e+01 9.993716105653854243e+01
-2.061847131924119125e+01 9.994274219268461934e+01
-7.256370278405903207e+00 1.661914672457926301e+01
9.848417533062951978e-01 -9.637868304825154553e-01
-9.139646017226492614e-01 -7.171329447029002324e-01
-3.687187177647175407e-01 2.863869328361043909e-01
-8.608300585912604941e-01 1.298757526292364517e-01
7.242511791988812675e-01 7.850531932547369252e+01
1.122453824676481915e+00 -8.790153328506722374e+00
-9.689022409690900872e+01 -1.130763455446066779e+01
-4.829292892323617803e-01 9.084224066224846350e-01
3.668518201314074911e-01 -7.354845518108130697e-01
1.278883683776155245e-02 9.020233565885329430e-01
-2.451819312848406707e-01 -3.742584381863576226e-01
7.872477185811772582e-01 -5.871057844904516987e-01
-2.301757647101738513e+01 -9.828649705988097196e+01
-8.657036731284040165e-01 -7.593577994791300689e-01
3.842064384748267170e-01 9.870367154108652397e-01
5.522306318462990582e-01 1.612669691558721308e-01
1.531540123899093331e-01 -8.038730099875930346e-01
6.943713231854198309e-01 9.930355081968633701e-01
5.032792507718470976e-01 -1.650904107768769169e-01
-2.373469604816256240e-01 -1.081287717444546246e+02
-2.118269157406144529e+02 -3.873442368796311541e+01
-2.905961540433090740e-01 -1.380676003216142966e+01
4.461173220461844835e-02 7.766778962206690728e-01
-7.074857835522800897e-01 5.948763388921827211e-01
-7.607737446214626331e-01 5.609224273123383231e-01
-1.906140421803314950e+02 -2.453778187423694135e+02
-1.462434721648896243e+02 -1.026063644589405044e+02
-9.781369900092769853e+01 -4.547638099881559981e+00
3.101029497120662004e-01 3.970355559135811396e-01
-8.735891318439827913e-01 -2.923270211197470658e-01
-3.456399590335956784e-01 7.342900647249519519e-01
1.368506264862070720e+00 -6.748644743422638204e-01
-6.781270428816947859e-01 4.698538430148149203e-01
-1.325042620006540801e+02 -1.814679316196863681e+02
-1.047794214368729229e+02 -8.401530023389801372e+00
-6.021489811841018280e+01 2.165143125205830188e+00
4.596789826685947489e-01 -3.981063102688380262e-01
4.850544056607146715e-01 4.724244511106197031e-01
-1.244444592602438338e-01 6.242091285813111678e-01
-6.142620154847580061e-01 9.735288979460345882e-01
-1.562200891913493308e+02 -9.500017902444120921e+01
-9.804219171217724238e+01 4.020948086904764240e-01
-9.864228231472488062e+01 -9.574717289070484583e+01
-3.096726313367776928e-01 -5.339746192335919073e-01
1.868785778914296980e-01 8.867020224481787505e-01
7.725555769560021879e-01 9.490770833987696165e-01
-5.457084438545445337e-01 2.203245680476786372e-01
9.511048713238805519e-01 4.101201076862484030e-01
-1.214942092203219488e+02 3.633704053260672584e+00
2.990218189462081622e-01 -5.712662490559450301e-01
5.512550359113259635e-01 -9.955382490852942023e-01
-9.504982149387328771e-01 2.798126808924144004e-01
1.764639016509119696e-01 2.238944483215798975e-01
5.845499249572128075e-01 -1.698233018318127119e-01
-2.061323600485611696e-01 3.680072553704341054e-01
-6.396439894616601229e-01 -1.797341796829161620e-01
3.425042088549146158e-01 -9.525229214527421995e-01
4.800859455774229012e-01 6.897963933372410761e-01
-3.982372856706897224e-01 -1.517789932296660371e-01
-4.611219839356193173e-01 8.063271014333821540e-01
1.816611407957795521e-01 2.172827468566109754e-01
-3.874989083834283754e-01 3.904993699328824786e-01
-9.743260296400002574e-01 -1.718343841807266070e-01
2.303338838603239402e-01 -1.750845450655877933e-01
1.121122081413439275e-02 1.633638660130820597e-02
7.664063333598818417e-01 7.504735020830022307e-01
2.755272948234359642e-01 -1.054225767077594522e-01
1.642365877813336539e-01 -2.155522419589963601e-01
6.847830274813107021e-01 1.069243551534793113e-01
-2.413118561928744299e-01 4.329283455521035773e-01
-1.442885587971978190e-01 -1.302260566945665499e-01
-6.008834070555340023e-01 -9.060029360752341887e-02
-2.754424482265833696e-01 6.811504824987661966e-01
-1.380501371094398078e-01 -1.751142980705131524e-01
3.595997606576422090e-01 -1.211892163309005177e-01
-5.607932277477478689e-01 6.029547694796033586e-01
-4.677570786799396529e-01 -5.604701497226698415e-01
6.024169278258553195e-01 -3.930612440839009736e-02
-7.374757815509425107e-01 4.432618036106024118e-01
2.121890539788688912e-01 -8.244363492784916314e-01
-6.084103191115057818e-01 1.333704601472485152e-02
-3.963641984885133418e-01 -6.439435390887049415e-01
-1.446920291507531875e-01 9.113419464380005941e-01
9.778142545053214452e-01 -7.676060918046878623e-01
-9.602265673296899173e-01 -7.287735111119042486e-02
5.756045222451993126e-01 4.404343462454365365e-01
-1.325341780369202471e-01 -7.537845206140791898e-01
9.070672451636108136e-02 6.740318947206933586e-01
-5.016755395593675004e-01 5.257229752998842098e-01
-9.751098361105927648e-01 1.975470289572909266e-01
4.891941977521820917e-01 8.711016062391820913e-01
-3.424066203505791162e-01 -7.345606584764474700e-01
-6.187912152218548734e-01 -2.916008393706845947e-01
-4.471580150774359108e-01 -5.604679001505137315e-01
4.037173292968432303e-01 5.794883308486693529e-01
3.839427182054544474e-03 -3.531164708998431045e-01
-6.554269498318967546e-01 -3.645472808901397688e-01
-6.975152344813975169e-01 9.989811409409936616e-01
3.625649577154892444e-01 -8.686081497156652453e-01
-5.929873553325024638e-01 -6.049628220026659342e-02
8.920028992132140733e-01 2.859170304445179944e-02
2.391594080171581815e-01 -4.188217173578197006e-01
-3.107569529119149632e-01 -5.898294772168193312e-01
4.583606476025285925e-01 -3.142760320166804178e-02
-8.156641849233521313e-01 -3.355392393486997804e-01
6.430508434075525859e-01 -9.298491221149693953e-01
-9.531954646550280241e-01 9.674256237506666523e-01
-1.256409354550436230e-01 -8.446670643571561055e-01
9.404093423437362986e-01 3.886799079709835070e-01
7.144453651106896785e-01 2.495403180621307282e-01
7.117066059846512971e-01 9.630753435605812207e-01
-3.062477081261556489e-01 1.337707553858438203e-01
3.600108234689169961e-02 -8.518579726167954114e-01
5.182080770885844068e-01 9.121063966296651948e-01
-9.897861613124339097e-01 -7.792422565361913911e-01
-1.849180638606988669e-01 3.538438299626649464e-01
4.712828445266401545e-01 -6.310820985884393330e-01
-7.978366595934387462e-01 5.523462961690068784e-01
-4.100939463473911584e-01 -7.960095795880088865e-01
-7.051886383408212389e-02 -1.918684836950268480e-01
1.060207395204471048e-02 8.255823661918575418e-01
-1.468050916926528942e+02 -1.001404055298402511e+02
1.350553190531624814e+00 -2.772614061258582563e-01
7.439670620053502326e-01 -8.846686483948147384e-01
8.276094143485002164e-01 8.751202933837691766e-01
-6.012524719562519770e-01 7.817773463416739510e-01
-8.549138001661302777e-01 -9.128494523669319349e-01
-9.523296876466346816e+01 -1.177546623101791283e+02
3.410361673961936901e-02 -1.209312237917985833e+01
-4.386780892540942389e-01 1.926320434201865339e+01
-2.409416219762019473e-01 3.802409058648103723e+01
6.248829369878339257e-01 3.022783981667984676e-01
3.138026703177805299e-01 7.587510384591487078e-01
1.414479511029715919e-01 7.666373820721306132e-02
-9.982195789050196666e-01 3.587842201572399858e-02
6.550625592814622866e-01 -8.865219628710749866e-01
1.038304997674423191e+01 -6.748219609771706207e-01
-6.427230807854287242e-01 -2.157743469566231198e-02
2.552214743615164316e-01 -8.809874532040711248e-01
-3.258264447163792266e-01 4.099886917904906891e-01
8.029093453274405157e-01 -5.851402873273021665e-01
-4.934152262822368851e-01 1.009532638892038925e-01
-7.986137617221644724e-01 7.921971730692016767e-01
2.889827105334439317e-01 2.738886920390701807e-01
-4.696500563989656207e-01 -4.615096080515226351e-01
-3.768446326521148748e-01 -6.621962597392978545e-01
-5.449352839546637295e-01 4.494582095388008902e-01
1.810698899620282187e-01 4.819734170365566062e-01
6.448388209448681074e-01 -3.123654832333766507e-01
-1.470002746756731149e-01 -9.556756052069292906e-03
-7.870786746452387295e-01 4.720368078898677933e-01
-4.490183711461437355e-01 -5.076323478525202049e-01
-6.404147172346605910e-01 1.476988981030942227e-01
-2.090496228337976881e-01 9.472161881033285269e-01
4.747347585367436285e-01 5.430586317865329082e-01
-4.532114285966715173e-02 4.882187426657496054e-01
5.646739018251694109e-01 -2.028090620437676961e-01
-2.393633887463639667e+02 -2.430626067665443770e+02
-2.730604656162758204e+01 5.804006121078873370e+00
-3.585731379815836561e+01 -4.656427456262619557e-01
-2.726993728722382215e-02 2.416298330275163053e+00
2.722375757032298171e-01 -3.578048871969319311e-01
-7.382187977279641711e-01 -8.124401131711374013e-01
-1.146648886339281717e+02 -8.242291403574728292e+01
-7.529353189390809575e+01 -3.268861201448149956e+01
1.008888708915252508e+00 6.368073504171979948e+01
3.125072145656069278e+00 -7.763612199412694981e-01
9.897112945411101759e-01 9.398102792343348000e-01
7.047201526211912537e-01 -2.670618460848546150e-01
-2.156585288749108287e+01 -1.893054388718790726e+00
-7.974187049731149557e-01 -1.725492636804867974e+00
-4.531619024793235972e+00 9.993485762018923424e+01
8.451819897201353626e+01 9.995078778714545820e+01
4.370402022347492643e-01 -3.518844387383293082e-01
-4.945718191349877113e-01 9.496437774880892579e-01
-1.818761730227391737e-02 -9.003183608366684965e-01
-4.202046983385576695e-01 3.691947837737452609e-02
6.238053631541369271e-01 3.868502139554745867e-01
1.542729139742570155e+01 5.710510544958169454e-02
-6.727603787884861575e-01 8.557843889800496040e-01
3.381955784469361515e-01 -3.388823210900206995e-01
-7.514656660355321094e-01 -5.559952827005623099e-01
1.619652249472081085e-01 4.733253789239151299e-01
-4.786410257488231679e-01 -1.053648199681880282e-01
8.956164345850807784e-01 -9.039148901636750999e-02
2.608317921719294219e-02 5.371036175863028728e-01
8.836972524853847766e-01 1.735724359596191313e-02
2.509068123343485279e-01 6.882992515862860206e-01
-6.870152341839772525e-01 -7.652508856001782878e-01
-3.699170594716594263e-01 -4.914327780506337895e-01
-1.230753918395481872e-01 -3.236387610841600093e-01
7.045081037341898167e-01 -4.271511592215759823e-01
-6.760910610647363761e-01 -3.373249090564820474e-01
-1.695008450127847368e+02 -1.505693039548424110e+02
-2.955042750636520665e-01 2.942714453453991297e+00
-1.020774275523951680e+01 1.364346126796894332e+01
-3.670483425944377487e-01 4.468002580575085592e-01
-1.127654441587260248e-01 3.166534341913529449e-01
3.516979505243196247e-01 -2.133726387000731695e-01
-1.892831035599068059e+02 -6.136996772389778698e+01
-2.391170255214409508e+02 -5.528959473570297156e+00
-8.988184592640646731e-01 4.768071244697093647e+01
-8.390931042919744787e-01 1.708015030715130944e-01
-1.487307185377186869e-01 -5.507244993478019879e-01
1.912785798324092568e-01 7.114759365594336415e-01
-9.046538258404591204e+01 -4.111132415003886109e+01
-7.926356836148156226e-01 2.807689095646651367e+00
-1.048000251207914744e+02 9.992853857550468888e+01
-6.540564840668419322e+01 9.994035414879498092e+01
-8.762948186269334805e-01 1.818469702036392910e+00
-5.897711011608415266e-01 -9.677074327844867874e-01
1.836365139616291664e-02 -1.417082784603524992e-01
-9.127412824142182579e-01 -6.704564153598790988e-01
8.627620100998578678e-02 -5.052127693051102764e-01
-8.382647300397449897e+01 1.700270245591310214e+01
-3.079985412086176311e+01 -9.508976512854019347e+01
-7.598233420757720680e-01 -7.392157828191030511e-01
-3.464649667052346338e-01 6.718004588726769200e-01
1.270793298063321863e-02 7.932477287489325679e-01
3.154717978990329019e-01 -5.670757421041789925e-01
-8.491018105345720102e-01 -7.163118959819685383e-01
-4.784910867521987576e-01 2.081774374516580650e-01
9.279953400819345166e-01 4.520835671105139397e+00
-5.548080668613715183e-01 -5.611786723911484920e-01
-5.865337586526071512e-01 -9.218579340519290621e-01
7.897099384252226351e-02 3.135487155679943516e-01
5.000623137288700004e-01 7.329991665539756784e-01
-6.539134104398722780e-01 -5.431667915204083652e-01
7.448637538171243300e-02 2.072840903425245962e-01
-9.178524821267226574e-01 -2.136476858032970938e+02
2.048196153129338004e-01 7.149795567285424092e-01
9.628239178203257254e-01 7.988978157380433043e-01
-8.555605107286106126e-01 -4.021075968575258397e-01
-7.966857730397820525e-01 1.459991881386397683e-01
4.345760077049831693e-02 -3.864481904613250585e-01
-3.382795743446617394e+02 -3.507925512481712076e+02
-3.435515226363106649e+02 -1.293441191879383894e+02
-9.742152381683503393e+01 -6.605450691849263922e-01
6.427102280424343839e-01 1.937775357159154943e-02
-1.586923327578304566e-02 -8.727005955972755302e-02
-7.740604047086967476e-01 -5.039712174697887903e-01
-2.509368246041903774e+02 -2.925715049341229701e+02
-1.148436770924623485e-01 9.745470709118737584e-01
-2.224568338992376084e+02 -2.395404912153427688e+02
-6.666115574243274011e+01 -2.027200078213611221e+02
-4.994897120307293381e-01 3.843084557286369218e-01
5.683926058321182584e-01 -7.302661784676531820e-01
6.023986573798012500e-01 -8.415197518262291787e-01
2.147070283378285094e-01 -7.168558763875376716e-01
-1.241828566820847470e+02 -9.606524777789759995e-01
-1.968092763398945806e+02 -3.101446969374550022e+01
-2.221249513469285546e+02 -2.953363004558689795e+02
5.719481125678864686e-01 -3.039439341330620881e-01
-9.921664708071014083e-01 3.645614997459019069e-01
-1.341427528239693689e-01 -4.518310053056322495e-01
-3.691500121858592998e-02 -9.386569358593670476e-01
-6.543425520545118612e-01 -4.535078188276882027e-01
-8.624247119797385785e-01 -9.911964175076560934e+01
-4.838603565911518700e+01 -9.857792208015354163e+01
3.158701894788140674e-01 1.472413402621171041e-01
9.441400821505903096e-01 -7.239426219805336071e-01
1.825158519993721473e-01 4.037717149623776258e-02
-4.834938685645107093e-01 3.520274528824864912e-01
-6.823463086057126592e-01 -1.801360236660471958e-01
-5.328082904599313885e-01 2.247801406322482709e-01
-9.519887939124551668e-01 -8.962359386447666942e-01
3.816749791771583133e-01 -9.944024073899422334e-01
6.105906797427684829e-01 -4.621867056250392736e-01
2.918110882467546130e-01 6.577448457431125384e-01
7.747589536517418551e-01 -5.479234066049341045e-01
7.848348530097819520e-01 1.522024280290277254e-01
2.564770602137431688e-01 6.802041387464490274e-01
4.628704975121675780e-01 7.482726954985243761e-01
-5.634980685159745040e-01 -9.702843723210179405e-01
-3.548465529489075454e-01 3.012394464896455126e-01
4.615476092631409788e-01 -4.230471841319702886e-01
2.804163308027609602e-01 3.953586716589962968e-01
-5.958773152031460185e-01 -6.667707799823374692e-01
-9.580739252452619148e-01 -4.233892370140903694e-01
-1.747336940534034433e-01 -4.395096902031876418e-01
-8.437074799121790925e-02 -4.671905399792135594e-01
1.247576036061919247e-01 3.982009633434846485e-01
1.664960726548470049e-02 -3.197631515124932378e-02
-9.643005813648579672e-01 2.048828389373886782e-01
7.371821941846750104e-01 -2.765910506253188572e-01
-8.775501969312538009e-02 -4.267853055530150819e-01
-4.691588614281960723e-02 2.135402734959466198e-01
2.149188389483569495e-02 2.220616657245797487e-01
4.305214450954610861e-01 9.459667809085703372e-01
-4.811877328521905195e-01 -8.078997369594076439e-02
7.627237806031077483e-01 -9.723681539148869568e-01
4.112674706740191422e-01 -1.796945579325928133e-01
4.835879106631837399e-01 -4.342094390775677049e-01
2.647884546170045095e-01 8.455109987916913372e-01
-5.864591403207009002e-01 5.250863321470422562e-02
-7.743238332530271162e-01 -1.835933018664732685e-01
-7.348516950588581675e-01 -5.741478002519206925e-01
6.218543858871679042e-01 7.903924676643994118e-01
-1.493968964234992924e-01 9.822659802321576095e-01
-7.976314433302544860e-01 -9.904223055436021106e-01
-6.219552781253816498e-01 -3.967373140144092591e-01
-7.228971696487129783e-01 -4.475084204228130247e-01
-7.586491579058871615e-01 9.524640789020584197e-01
-5.190684728120951164e-01 4.007815983023947926e-01
-8.205251484014175478e-01 -8.050650406774373380e-02
8.607147399225223428e-01 -6.934105828291274864e-01
-1.934866925149310024e-01 9.233109192149682176e-01
7.992184008591007860e-02 -7.236843920498323701e-01
-5.969820461917407783e-02 3.627914947571910798e-01
5.318922076821386291e-02 3.348381989402273717e-01
9.620393670604119318e-01 -3.020832759126990119e-02
-9.722239323649513043e-01 -7.144237973300522349e-01
-3.615091949827109463e-01 -5.241879728292939689e-01
1.134345693655105514e-01 -6.821854096795072486e-01
-2.039823454018028226e-01 -1.305327536137423916e-01
-2.736623797069914765e-02 -8.814594192959621655e-01
5.119489312158769234e-01 -4.994025732198745793e-01
7.103779739979645402e-01 4.292421908444441492e-01
-4.165957737356924540e-01 -3.783626151202150734e-01
-7.112049125474653177e-01 -9.625334110403938048e-02
5.274764205587927357e-01 -1.433257079324359307e-01
-4.883637078284579491e-01 -5.071473079997956823e-01
3.930381881417772671e-01 2.198436655083970681e-01
-3.984210008898392275e-02 4.523716973204223724e-01
9.088147702516446991e-01 9.541647282916290163e-01
4.616815997942487204e-01 1.881790438262773701e-01
-4.724281246840720261e-01 8.186378044193236558e-01
-1.249239047069197195e-01 6.865572692230403895e-02
9.929687264530815405e-01 3.794614079487184100e-01
4.982039781526910183e-01 5.538526980695879232e-01
7.259310716313394085e-01 2.524674148668459850e-02
2.557350506373505805e-01 -7.816247129376290292e-01
5.265094872860012210e-01 6.746917344256371241e-01
7.942199386097426039e-01 -5.145488912395002057e-01
-6.944515250555653996e-01 -4.864871905655003825e-01
-9.360801718777105318e-01 -5.443847383122157879e-01
-4.731118815491235363e-01 3.283400486722092282e-01
-9.438441442182496921e-01 -4.042414183438924891e-01
4.927762298927456097e-01 6.766350466720341128e-01
-1.094273208345466486e-01 -1.897063036124693181e-01
8.971824557313468063e-02 -5.621943973226581903e-01
7.281400793450962805e-01 -3.816842598417982124e-01
9.681789110104490614e-01 -8.140115038298956218e-01
1.048839744729452850e-01 1.037100313431322807e-01
-7.213206630488011584e-01 4.867757560919117044e-01
-3.912920055362016925e-01 6.066476463197003621e-01
-9.330813659905714541e-01 8.742294492707365361e-01
-2.523015358380824580e-01 -7.148116423795689567e-01
9.415008688851400631e-01 -3.577165003663598242e-01
1.904796447950063421e-01 -4.608953216964282174e-01
6.644188343069479252e-01 9.743288499678648407e-01
2.316610189379850748e-01 5.524995761700401964e-01
9.130382146071700511e-01 5.652869651944925078e-01
-9.437299870537934066e-01 3.923239052442932806e-01
9.741139102845666198e-01 7.026142225012084186e-01
3.492701701903944134e-02 -5.878146099793235546e-01
-3.528493864965283056e-01 8.834843298563728187e-01
-5.057429198224328015e-01 5.164063859794887357e-01
-2.660001562848877121e-01 2.037352763296065294e-01
-1.025193162324744556e-02 -9.438557119082497948e-01
9.516376976773723850e-01 8.074186286907980570e-01
6.236370852739314685e-02 -1.468625354143862083e-01
6.276375379634617779e-01 -1.566076280038435353e-01
7.681663511077909678e-01 9.022638102988493891e-01
-2.523613710863734649e-01 2.457633635009486284e-01
3.620787158487781543e-01 1.763330706746217835e-01
-4.136606780968616892e-01 7.005999597343730567e-01
6.690209444518389059e-01 -6.715278611966339906e-01
7.037546296781909128e-01 -9.754851334705247901e-01
-9.672071230060135250e-01 -8.078112182898018467e-01
8.748463472650012118e-01 7.035830613666425037e-01
9.733178912194957455e-01 -1.786260720702110838e-01
3.383505461342277698e-01 6.812113388255633950e-01
-1.927844129461599323e+02 -1.413625457650486510e+02
-4.793110125400399113e+01 -9.143387330983886230e+00
-7.960741546719482642e+00 3.044283321677337639e+01
-9.620557349704992323e-01 1.506976328707555979e+01
4.602007475656133551e-01 3.553405522570529662e-01
1.988140257370081265e-01 5.570744175226880479e-01
-8.745557158015924148e-01 7.672826765217777290e-01
-1.476217530376946918e+01 8.291575613176838111e-02
-2.274116874740569116e+01 -3.446061017354638523e+01
3.058768384994528411e+00 3.184613208239723825e-01
5.390491537609818362e-01 -7.554459760293441573e-01
-3.665826520879575945e-01 -8.384214168707422310e-01
-2.734926314403920422e-01 7.259076277313329939e-01
-3.237767857007756156e-01 7.359490331713156586e-01
-9.636895488879879679e-01 6.840201437346316027e-02
-8.174130848563088136e-01 -7.466969121142477128e-01
-2.373271807671750722e-01 -6.689270156486295527e-01
7.686739908097202090e-01 -8.595934022462436985e-02
-7.463780729860123309e-01 1.846949841215173027e-01
-4.146830281245210692e-01 -6.774990840883616805e-01
-6.280537719425716148e-01 -1.320352695343074423e-01
-5.642261481624970543e-01 5.464421360828586316e-01
-5.308582258273355503e-01 -9.340294733367553448e-01
4.920159407646944594e-01 -1.402586177448592597e-01
-4.253029256236799949e-01 7.941134608574684783e-02
-3.257498616831195903e-01 -5.302892978292921278e-01
-1.003342557373358979e-01 -6.379302695563193737e-03
2.362484730781644338e-02 -2.794605924296493793e-01
7.898344695804071502e-01 -9.500790063767481364e-01
3.479145491279922453e-01 6.787818174377382441e-01
-7.840481172328896964e-01 -2.454353241716535905e-01
6.121899331365250330e-01 -3.077024857021242177e-01
3.276212832216485182e-02 8.918756804682128614e-01
2.741113375419803599e-01 8.308073842565937284e-01
-9.220563028969768204e-01 9.709441412069728106e-01
-8.813835024634832926e-01 -1.217624287559928575e-01
-2.955073472639714964e+02 -2.672932738399784967e+02
-2.682048463188792198e+02 -1.097841864086719141e+02
-1.199133115401391763e+02 -4.279975667829228314e+01
-9.411012474084416990e-01 7.633792185938270691e-02
-5.339471510972426671e-01 2.708120232005739592e-01
-9.760688186491737195e-01 -4.722214763148935290e-01
-4.796751703672178024e+01 -4.642435443659638850e+01
-1.675517387671091569e+02 -1.140557746853088759e+02
-5.119253715797525217e+01 -9.304870738756306991e+01
-6.072357952831664019e-01 4.125837213005401072e-01
-9.392888227523510380e-02 4.431278211930504973e-01
-3.537675558483965865e-01 3.869267293401144059e-01
-1.715631734542630848e-01 2.737560182800793385e-01
5.757672124926869195e-01 2.786108443036126037e-01
-4.855118813817701096e+01 1.150457071736394710e+01
-2.595856004129795114e-01 7.429786690599016197e-01
-8.545760971638645742e+01 -7.184852552457191166e+01
9.391706918432762841e-02 9.459815903918264990e-01
-9.995622434417814617e-01 -3.856350517216025064e-01
-1.750094697972601754e-01 -5.760928574783514833e-01
-8.036471300890668523e-01 -7.265494265008469732e-01
-1.352735751343818738e-01 -8.995107736196377157e-01
-9.725852144034911362e+01 -5.874435155676052744e+01
6.955347210938962466e-01 4.386530564287118850e-01
-1.134731760311840087e-01 -6.263366934199989799e-01
4.375706206606786441e-01 1.442925672340211740e-01
-1.848960701638893145e-01 -2.664877953099049623e-01
4.628365798629947570e-01 -3.959198847939549015e-01
-8.701123420213123794e-01 2.614321654633522396e-01
4.730442489290651586e-01 7.186929678926616827e-01
8.976613986976751391e-01 -4.115794609072418453e-01
-1.543391480693709905e-01 8.515181360729056070e-01
5.964851367788903680e-02 4.755950976479117465e-02
-2.855057389626025621e-01 -1.629241400731944456e-01
8.265884167307504526e-01 -7.823756107894808132e-01
-2.161965118237607619e-02 -9.187800026307153534e-01
-9.855792575634818320e+01 -9.974635123013800353e+01
-3.940780143704214424e+02 -3.623013256676431411e+02
-2.967397380786176200e+02 -2.719331667944079527e+02
-9.044082972567146772e-01 -5.101747832896337265e-01
6.812668399163945843e-01 3.269858119615758341e-01
-2.557032271366779241e-01 2.070363952369467242e-01
-1.979721636940754479e+02 -2.599319561473345175e+02
-3.250669649036493638e+02 -3.612320814355047673e+02
-2.479708123042861416e+02 -2.961559855944845481e+02
-8.434780800116690180e-01 -1.560254800616744930e-01
-8.464556473993956054e-01 6.486491557759777038e-02
7.322092243620152985e-01 6.204370889932848687e-01
1.264810713136355069e+00 -8.645435757432917701e-01
-5.550403670260131150e-01 -8.702028791589031531e-01
-2.967148779139132557e+02 -2.220789383611557923e+02
-1.482861799163310366e+02 -1.004149488186680799e+02
-2.964015899852055327e+02 -2.594977669947747358e+02
6.062118354956105293e-01 2.230941806612252165e-01
-1.786489929016581435e-01 -5.890127171448187315e-01
-3.043970974747955971e-02 -3.639063471267807159e-01
-9.086016265179888141e-01 -5.859338643496994070e-01
-1.368678801213039087e-01 8.366324682586812056e-01
-1.345601838217020543e+02 -1.211337871520710081e+02
7.755598324372725560e-01 -3.736655522730418788e-01
-6.414195236558244417e-01 8.989522504557407867e-01
-2.819470026205872504e-01 5.080139206182754386e-02
1.907017580758034736e-01 -3.537154204288859294e-01
9.281768562203167594e-01 8.214108728621938305e-02
6.519658908751080340e-02 2.320255781856990218e-01
-3.410199504031472539e-01 4.838342630275247469e-01
7.585860010006846288e-01 5.665596569708437613e-01
2.482493143174837602e-01 -5.443652225892716690e-01
-3.692114127722057049e-01 -2.962280678573292469e-02
8.086072705300439978e-01 7.462802645666122281e-02
-1.563302817582941096e-01 -2.753224268339022895e-01
3.084017935768630370e-01 -9.737830803490907794e-01
3.680653951911976307e-01 4.200424024665421197e-01
9.033122347007871422e-01 -2.616782359483018627e-01
-6.852113244887021448e-01 6.575043075578241858e-01
-9.168021971877340359e-01 -4.116836539774371140e-01
2.172587784693293944e-01 -8.379644640050381010e-01
-7.261062301730627500e-01 9.612497022043962058e-01
-7.571429660889006374e-01 -1.475082136969481095e-01
3.665686238509340278e-01 4.097148460873969444e-01
3.909879267052245311e-01 7.191287483169177541e-01
-7.089509165796783474e-01 -9.150430716142388121e-01
-8.798784063454563320e-01 -9.385930934237098899e-01
9.131792824620776905e-02 1.837177993927441300e-01
8.857763811091468042e-02 -6.175502986329908239e-01
5.550494164228392258e-02 7.313387293952859913e-01
-6.596970021640597981e-01 7.968727081499269449e-01
-7.657347299450234512e-01 -8.294115790091283191e-01
-2.624690963611271410e-01 -3.030100022009036831e-01
4.626030426093232784e-01 -9.081418612464768891e-01
7.537084979249260019e-01 -7.355109121731524535e-01
3.935496521568637718e-02 9.441236957927301443e-01
4.631835731022904135e-01 9.666194047955400936e-01
-6.158704411839841519e-01 4.669709209836749864e-01
-6.077416942842948089e-01 -5.192445092137516482e-01
9.434464634733210620e-01 -5.326143199676303119e-02
2.816280933786377005e-01 -3.572658500067715792e-02
6.327444694221522337e-01 9.267321398205496941e-02
3.875354882588120109e-01 -4.799546095141371538e-02
3.067015821211240834e-01 8.860871547155388939e-01
-6.205837014836410592e-01 2.470917671087231593e-01
7.333650487152860720e-01 -7.926797543247576794e-01
-7.989440756185863801e-01 6.222136327056635441e-01
-5.734468663013623235e-01 3.001257761460787155e-01
-7.613322527984840438e-01 -4.899972533161278676e-02
9.092143856148422465e-01 -6.274137325985911229e-01
-6.006019178698065453e-01 7.885895843301955477e-01
-9.229938241476076666e-01 8.912418137838518106e-02
